729332104 729334024
729334024 729335276
729336320 729338240
729338240 729340160
729340160 729342080
729342080 729342246
729343146 729345066
729345066 729346316
729350991 729352911
729352911 729354831
729354831 729356751
729356751 729357476
729364135 729366055
729366055 729367975
729367975 729369416
729387421 729389341
729389341 729391261
729391261 729393181
729393181 729394030
729410813 729412733
729412733 729414653
729414653 729415537
729415700 729417620
729417620 729419540
729419540 729419636
729422968 729424888
729424888 729426808
729426808 729426956
729430255 729432175
729432175 729434095
729434095 729434636
729439027 729440947
729440947 729442867
729442867 729444787
729444787 729445136
729446260 729448180
729448180 729450100
729450100 729452020
729452020 729453940
729453940 729455860
729455860 729456476
729458042 729459962
729459962 729461882
729461882 729463802
729463802 729464996
729482652 729484572
729484572 729486056
729486954 729488874
729488874 729490794
729490794 729491756
729507003 729508923
729508923 729509936
729519153 729521073
729521073 729521516
729541324 729543244
729543244 729543476
729544470 729546390
729546390 729547736
729553465 729555385
729555385 729556221
729563039 729564959
729564959 729566879
729566879 729567716
729573621 729575541
729575541 729576656
729588838 729590758
729590758 729592678
729592678 729594598
729594598 729596516
729602186 729604106
729604106 729606026
729606026 729607946
729607946 729609866
729609866 729610092
729614576 729616496
729616496 729618416
729618416 729620336
729620336 729621056
729649390 729651310
729651310 729653230
729653230 729654761
729669124 729671044
729671044 729672964
729672964 729674884
729674884 729676804
729676804 729678724
729678724 729680156
729680848 729682768
729682768 729684688
729684688 729685376
729688883 729690803
729690803 729692723
729692723 729694643
729694643 729695276
729700774 729702694
729702694 729702836
729708863 729710783
729710783 729711896
729733457 729735377
729735377 729737297
729737297 729737780
729754143 729756063
729756063 729756716
729758500 729760420
729760420 729762340
729762340 729764260
729764260 729766180
729766180 729768100
729768100 729770020
729770020 729771940
729771940 729773860
729773860 729775780
729775780 729777132
729788166 729790086
729790086 729791342
729796402 729798322
729798322 729800242
729800242 729802162
729802162 729803576
729842008 729843928
729843928 729845848
729845848 729846536
729848073 729849993
729849993 729851913
729851913 729853833
729853833 729855753
729855753 729857673
729857673 729859593
729859593 729861513
729861513 729862016
729924989 729926909
729926909 729928829
729928829 729928976
730015341 730017261
730017261 730019181
730019181 730021101
730021101 730023021
730023021 730024941
730024941 730025156
730026087 730028007
730028007 730029927
730029927 730031847
730031847 730032176
730034071 730035991
730035991 730037911
730037911 730039831
730039831 730041751
730041751 730043671
730043671 730045591
730045591 730047511
730047511 730049431
730049431 730051351
730051351 730051736
730084452 730086372
730086372 730086416
730094252 730096172
730096172 730098092
730098092 730099916
730100046 730101966
730101966 730103886
730103886 730105806
730105806 730107726
730107726 730109646
730109646 730111566
730115095 730117015
730117015 730117541
730118595 730120515
730120515 730122435
730122435 730124355
730124355 730125207
730179645 730181565
730181565 730182730
730187731 730189651
730189651 730191571
730191571 730192676
730200155 730202075
730202075 730202876
730209539 730211459
730211459 730213196
730268139 730270059
730270059 730271979
730271979 730273899
730273899 730275819
730275819 730277276
730278617 730280537
730280537 730282457
730282457 730284377
730284377 730285156
730287563 730289483
730289483 730291403
730291403 730291791
730292267 730294187
730294187 730294376
730407580 730409500
730409500 730411196
730427367 730429287
730429287 730429527
730432070 730433990
730433990 730434116
730438019 730439939
730439939 730441859
730441859 730443119
730458520 730460440
730460440 730462360
730462360 730464280
730464280 730466200
730466200 730468120
730468120 730470040
730470040 730471754
730495263 730497183
730497183 730498796
730510273 730512193
730512193 730513616
730520813 730522733
730522733 730524653
730524653 730526573
730526573 730527383
730530002 730531922
730531922 730533842
730533842 730534088
730534218 730536138
730536138 730537997
730541224 730543144
730543144 730545064
730545064 730546984
730546984 730548236
730550155 730552075
730552075 730553995
730553995 730555915
730555915 730557835
730557835 730559336
730566605 730568525
730568525 730570445
730570445 730571636
730580220 730582140
730582140 730583772
730587094 730589014
730589014 730590934
730590934 730592854
730592854 730594774
730594774 730596694
730596694 730598614
730598614 730600534
730600534 730602236
730603474 730605394
730605394 730607314
730607314 730609234
730609234 730609436
730610602 730612522
730612522 730614442
730614442 730616362
730616362 730618282
730618282 730620202
730620202 730622122
730622122 730624042
730624042 730625962
730625962 730627882
730627882 730629802
730629802 730631696
730637710 730639630
730639630 730641550
730641550 730643470
730643470 730643493
730644320 730646240
730646240 730648160
730648160 730650080
730650080 730652000
730652000 730653920
730653920 730654376
730665111 730667031
730667031 730668164
730678016 730679936
730679936 730681856
730691456 730693376
730693376 730695296
730695296 730695846
730699830 730701750
730701750 730703670
730703670 730705590
730705590 730707510
730707510 730709430
730709430 730711350
730711350 730713270
730713270 730715190
730715190 730717110
730717110 730719030
730719030 730720950
730720950 730721036
730722614 730724534
730724534 730726376
730731811 730733731
730733731 730735196
730788785 730790705
730790705 730792625
730792625 730794545
730794545 730796465
730796465 730798385
730798385 730799654
730799784 730801704
730801704 730803624
730803624 730805036
730809185 730811105
730811105 730811874
730851244 730853164
730863605 730865525
730865525 730867445
730867445 730867916
730872233 730874153
730874153 730876073
730876073 730877993
730877993 730879316
730889177 730891097
730891097 730893017
730893017 730894937
730894937 730896857
730896857 730897076
730898263 730900183
730900183 730902103
730902103 730902906
730909727 730911647
730911647 730911716
730979468 730981388
730981388 730983308
730983308 730983596
730991501 730993421
730993421 730993916
731006449 731008369
731008369 731010289
731010289 731012209
731012209 731013056
731139015 731140935
731140935 731141325
731160426 731162346
731162346 731164266
731164266 731166186
731166186 731166712
731171343 731173263
731173263 731174332
731174464 731176384
731176384 731176916
731179602 731181522
731181522 731183442
731183442 731185362
731185362 731187282
731187282 731187896
731197388 731199308
731199308 731201228
731201228 731203148
731203148 731203796
731205219 731207139
731207139 731209059
731209059 731210336
731217609 731219529
731219529 731220236
731223980 731225900
731225900 731226956
731228404 731230324
731230324 731232116
731241273 731243193
731243193 731244776
731246243 731248163
731248163 731248376
731250020 731251940
731251940 731253656
731268176 731270096
731270096 731271956
731272995 731274915
731274915 731276835
731276835 731277236
731300436 731302356
731302356 731304276
731304276 731304596
731305911 731307831
731307831 731309696
731312025 731313945
731313945 731315796
731315926 731317846
731317846 731319116
731321551 731323471
731323471 731323862
731346315 731348235
731348235 731348336
731387488 731389408
731389408 731391071
731391201 731393121
731393121 731394536
731415265 731417185
731417185 731418416
731489184 731491104
731491104 731491616
731578824 731580744
731580744 731582156
731583504 731585424
731585424 731586536
731596169 731598089
731598089 731599676
731603478 731605398
731605398 731605562
731667458 731669378
731669378 731671298
731671298 731671376
731675130 731677050
731677050 731678970
731678970 731679476
731697268 731699188
731699188 731701108
731701108 731703028
731703028 731704948
731704948 731706350
731716543 731718463
731718463 731720383
731720383 731722303
731722303 731724223
731724223 731724236
731729922 731731842
731731842 731733762
731733762 731734136
731738824 731740744
731740744 731742356
731767384 731769304
731769304 731771224
731773562 731775482
731775482 731776616
731822753 731824673
731824673 731826593
731826593 731828513
731828513 731830253
731832587 731834507
731834507 731834876
731878812 731880732
731880732 731882516
731884946 731886866
731886866 731888096
731889785 731891705
731891705 731893625
731893625 731895545
731895545 731897465
731897465 731899385
731899385 731901305
731901305 731901596
731909165 731911085
731911085 731913005
731913005 731914925
731914925 731916845
731916845 731918765
731918765 731920316
731931604 731933524
731933524 731933685
731935144 731937064
731937064 731938796
731946160 731948080
731948080 731950000
731950000 731950376
731951631 731953551
731953551 731953976
731971044 731972964
731972964 731973716
731985364 731987284
731991668 731993588
731993588 731995508
731995508 731996636
731998437 732000357
732000357 732001496
732003484 732005404
732005404 732007324
732007324 732009244
732009244 732011036
732034795 732036715
732036715 732037770
732083352 732085272
732085272 732086696
732093630 732095550
732095550 732097227
732098397 732100317
732100317 732100496
732103437 732105357
732105357 732106196
732149610 732151530
732151530 732153450
732153450 732155370
732155370 732155623
732161104 732163024
732163024 732163496
732166344 732168264
732168264 732170184
732170184 732170396
732173166 732175086
732175086 732176507
732184088 732186008
732186008 732187928
732187928 732189848
732189848 732190316
732260657 732262577
732262577 732264497
732264497 732266036
732276424 732278344
732278344 732278438
732286996 732288916
732288916 732290836
732290836 732291669
732291799 732293719
732293719 732295639
732295639 732297559
732297559 732297776
732305738 732307658
732307658 732309578
732309578 732310676
732319867 732321787
732321787 732321903
732330454 732332374
732332374 732334294
732334294 732336214
732336214 732336416
732341032 732342952
732342952 732344872
732344872 732346792
732346792 732348712
732348712 732350623
732355553 732357473
732357473 732358436
732372943 732374863
732374863 732375176
732376097 732378017
732378017 732379796
732383299 732385219
732385219 732387139
732387139 732388856
732421560 732423480
732423480 732425400
732425400 732427320
732427320 732429240
732429240 732431160
732431160 732431857
732431987 732433907
732433907 732435827
732435827 732437747
732437747 732439667
732439667 732441587
732441587 732443507
732443507 732445427
732445427 732446393
732448764 732450684
732450684 732450956
732466628 732468548
732468548 732470468
732470468 732471848
732471978 732473898
732473898 732475818
732475818 732477536
732488805 732490725
732490725 732492645
732492645 732494565
732494565 732496485
732496485 732498405
732504165 732506085
732506085 732508005
732508005 732509276
732513364 732515284
732515284 732517204
732517204 732519124
732519124 732521044
732521044 732522964
732522964 732524884
732524884 732526804
732526804 732527023
732533119 732535039
732535039 732536959
732536959 732536996
732543015 732544935
732544935 732546855
732546855 732548775
732548775 732549416
732582057 732583977
732583977 732585897
732585897 732587323
732587835 732589755
732589755 732591675
732591675 732592736
732600616 732602536
732602536 732604456
732604456 732605396
732607041 732608961
732608961 732610881
732610881 732612801
732612801 732614721
732614721 732616376
732632609 732634529
732634529 732636449
732636449 732638369
732638369 732640196
732648328 732650248
732650248 732652168
732652168 732654088
732654088 732654416
732682281 732684201
732684201 732686121
732686121 732686956
732694257 732696177
732696177 732698097
732698097 732699596
732708790 732710710
732710710 732710756
732758094 732760014
732760014 732761934
732761934 732763616
732768250 732770170
732770170 732772090
732772090 732774010
732774010 732775930
732775930 732777850
732777850 732779770
732779770 732779816
732783107 732785027
732785027 732786416
732797828 732799748
732799748 732801596
732854368 732856288
732856288 732858208
732858208 732858457
732864847 732866767
732866767 732868687
732868687 732870296
732875598 732877518
732877518 732879438
732879438 732881358
732881358 732883278
732883278 732883736
732890703 732892623
732892623 732893876
732900160 732902080
732902080 732903116
733022128 733024048
733024048 733025968
733025968 733027556
733028974 733030894
733030894 733032814
733032814 733034734
733034734 733036654
733036654 733038019
733045257 733047177
733047177 733047476
733052296 733054216
733054216 733056136
733056136 733058056
733058056 733059976
733059976 733061896
733061896 733062836
733073451 733075371
733075371 733077291
733077291 733079211
733079211 733079576
733085769 733087689
733087689 733089609
733089609 733090076
733102624 733104544
733104544 733106464
733106464 733107878
733109012 733110932
733110932 733111916
733113371 733115291
733115291 733117211
733117211 733119131
733119131 733119776
733121368 733123288
733123288 733124704
733126274 733128194
733128194 733128296
733130179 733132099
733132099 733133336
733209805 733211725
733211725 733213645
733213645 733215565
733215565 733217485
733217485 733219405
733219405 733220709
733220839 733222759
733222759 733222796
733281764 733283684
733283684 733285604
733285604 733287524
733287524 733289336
733294351 733296271
733296271 733296956
733298486 733300406
733300406 733300662
733303934 733305854
733305854 733307774
733307774 733309694
733309694 733310756
733312937 733314857
733314857 733316777
733316777 733318496
733321281 733323201
733323201 733324976
733373540 733375460
733375460 733376216
733380684 733382604
733382604 733384524
733384524 733386444
733386444 733388364
733388364 733390284
733390284 733392204
733392204 733394124
733394124 733396044
733396044 733397964
733397964 733399884
733399884 733401804
733401804 733402556
733451246 733453166
733453166 733453256
733457586 733459506
733459506 733461426
733461426 733463346
733463346 733465266
733465266 733465496
733470949 733472869
733472869 733474556
733485807 733487727
733487727 733488296
733489149 733491069
733491069 733491236
733495910 733497830
733497830 733499750
733499750 733501316
733534416 733536336
733536336 733538256
733538256 733540176
733540176 733540196
733543142 733545062
733545062 733546982
733546982 733548902
733548902 733550822
733550822 733552742
733552742 733554662
733554662 733556582
733556582 733558502
733558502 733560422
733560422 733562342
733562342 733564262
733564262 733565756
733569124 733571044
733571044 733572964
733572964 733574753
733582024 733583944
733583944 733585864
733585864 733587784
733587784 733589704
733589704 733591624
733591624 733593544
733593544 733595464
733595464 733596176
733608867 733610787
733610787 733612707
733612707 733614627
733614627 733616547
733616547 733617415
733629502 733631422
733631422 733633342
733633342 733635262
733635262 733637182
733637182 733639102
733639102 733641022
733641022 733642942
733642942 733644862
733644862 733646782
733646782 733646879
733652987 733654907
733654907 733656827
733656827 733658747
733658747 733660667
733660667 733662587
733662587 733664507
733664507 733666427
733666427 733667336
733672929 733674849
733674849 733676769
733676769 733678689
733678689 733680056
733682887 733684807
733684807 733685276
733695282 733697202
733697202 733699122
733699122 733701042
733701042 733702962
733702962 733704882
733704882 733706802
733706802 733707596
733709492 733711412
733711412 733713332
733713332 733715252
733715252 733717172
733717172 733719092
733719092 733721012
733721012 733722932
733722932 733724276
733728064 733729984
733729984 733731904
733731904 733733824
733733824 733735744
733735744 733737664
733737664 733737896
733740726 733742646
733742646 733744566
733744566 733746486
733746486 733748406
733748406 733749836
733907269 733909189
733909189 733911109
733911109 733913029
733913029 733914949
733914949 733916869
733916869 733918789
733918789 733920536
733932784 733934704
733934704 733934970
734095168 734097088
734097088 734099008
734099008 734099587
734137773 734139693
734139693 734141164
734146679 734148599
734148599 734150519
734150519 734152439
734152439 734153578
734153708 734155628
734155628 734156696
734159097 734161017
734161017 734161777
734161907 734163827
734163827 734164856
734173984 734175904
734175904 734177824
734177824 734178116
734181994 734183914
734183914 734185834
734185834 734187754
734187754 734189674
734189674 734191031
734214155 734216075
734216075 734217995
734217995 734218796
734221042 734222962
734222962 734223776
734232550 734234470
734234470 734235296
734238207 734240127
734240127 734242047
734242047 734243967
734243967 734245887
734245887 734247807
734247807 734249727
734249727 734250716
734253922 734255842
734255842 734257762
734257762 734258696
734264055 734265975
734265975 734267895
734267895 734269815
734269815 734271735
734271735 734273655
734273655 734275575
734275575 734276216
734281994 734283914
734283914 734285834
734285834 734287754
734287754 734289674
734289674 734290796
734294428 734296348
734296348 734298268
734298268 734299916
734304975 734306895
734306895 734308815
734308815 734310735
734310735 734312655
734312655 734313656
734319444 734321364
734321364 734323284
734323284 734325204
734325204 734326136
734327484 734329404
734329404 734331324
734331324 734333244
734333244 734335164
734335164 734337084
734337084 734338136
734343558 734345478
734345478 734347398
734347398 734349318
734349318 734351238
734351238 734353158
734353158 734355078
734355078 734355596
734357417 734359337
734359337 734360996
