   4.0000000e+02   3.1453312e+01  -4.4428781e+01
   4.0606061e+02   3.1490080e+01  -4.3488309e+01
   4.1212122e+02   3.1607795e+01  -4.2975968e+01
   4.1818182e+02   3.1589234e+01  -4.2179837e+01
   4.2424243e+02   3.1626290e+01  -4.1184207e+01
   4.3030304e+02   3.1629149e+01  -4.0099337e+01
   4.3636365e+02   3.1741550e+01  -3.9073388e+01
   4.4242426e+02   3.1732604e+01  -3.8650731e+01
   4.4848486e+02   3.1943063e+01  -3.7742010e+01
   4.5454544e+02   3.2002707e+01  -3.6134438e+01
   4.6060605e+02   3.2026094e+01  -3.5526116e+01
   4.6666666e+02   3.2044799e+01  -3.4552503e+01
   4.7272726e+02   3.2256285e+01  -3.4200659e+01
   4.7878787e+02   3.2322649e+01  -3.2855811e+01
   4.8484848e+02   3.2461163e+01  -3.2466692e+01
   4.9090909e+02   3.2334202e+01  -3.1726360e+01
   4.9696970e+02   3.2578796e+01  -3.0568445e+01
   5.0303030e+02   3.2762895e+01  -3.0367552e+01
   5.0909091e+02   3.3024093e+01  -2.9161035e+01
   5.1515149e+02   3.2977914e+01  -2.7999684e+01
   5.2121210e+02   3.3125796e+01  -2.7567050e+01
   5.2727271e+02   3.3198991e+01  -2.6552514e+01
   5.3333331e+02   3.3529940e+01  -2.5495811e+01
   5.3939392e+02   3.3784079e+01  -2.4388997e+01
   5.4545453e+02   3.3893048e+01  -2.4168581e+01
   5.5151514e+02   3.4002042e+01  -2.3652031e+01
   5.5757574e+02   3.4270045e+01  -2.3479715e+01
   5.6363635e+02   3.4630517e+01  -2.2204085e+01
   5.6969696e+02   3.4647866e+01  -2.1455830e+01
   5.7575757e+02   3.4779182e+01  -2.0353885e+01
   5.8181818e+02   3.5292683e+01  -2.0214954e+01
   5.8787878e+02   3.5619781e+01  -1.9020832e+01
   5.9393939e+02   3.5659976e+01  -1.7998484e+01
   6.0000000e+02   3.6421459e+01  -1.7323723e+01
   6.0606061e+02   3.6569232e+01  -1.7911224e+01
   6.1212122e+02   3.7139196e+01  -1.6105265e+01
   6.1818182e+02   3.7220530e+01  -1.5047900e+01
   6.2424243e+02   3.7216900e+01  -1.6246749e+01
   6.3030304e+02   3.7508420e+01  -1.6155223e+01
   6.3636365e+02   3.8519909e+01  -1.3234104e+01
   6.4242426e+02   3.8665357e+01  -1.5182072e+01
   6.4848486e+02   3.9507537e+01  -1.5059027e+01
   6.5454547e+02   3.9959275e+01  -1.3168817e+01
   6.6060608e+02   4.0931271e+01  -1.3530026e+01
   6.6666669e+02   4.1079407e+01  -1.2555235e+01
   6.7272729e+02   4.1594218e+01  -1.4135618e+01
   6.7878790e+02   4.2506776e+01  -1.3362650e+01
   6.8484851e+02   4.2735260e+01  -1.2393112e+01
   6.9090912e+02   4.3989275e+01  -1.2429425e+01
   6.9696973e+02   4.5340650e+01  -9.3198950e+00
   7.0303027e+02   4.5399308e+01  -1.5874644e+01
   7.0909088e+02   4.7911956e+01  -6.3848659e+00
   7.1515149e+02   4.8211123e+01  -1.0491343e+01
   7.2121210e+02   5.1744770e+01  -1.0039023e+00
   7.2727271e+02   5.2411179e+01  -2.2651863e+01
   7.3333331e+02   6.0306257e+01  -2.6723033e+00
   7.3939392e+02   5.9573158e+01  -4.3605976e+01
   7.4545453e+02   6.3866005e+01  -1.5014672e+02
   7.5151514e+02   6.2705554e+01  -1.8225158e+02
   7.5757574e+02   5.7688678e+01  -1.6257011e+02
   7.6363635e+02   5.3901161e+01  -1.8095781e+02
   7.6969696e+02   5.1489736e+01  -1.8008635e+02
   7.7575757e+02   4.8081564e+01  -1.7621357e+02
   7.8181818e+02   4.6823633e+01  -1.7381757e+02
   7.8787878e+02   4.5561757e+01  -1.7227243e+02
   7.9393939e+02   4.4423362e+01  -1.7139585e+02
   8.0000000e+02   4.3063460e+01  -1.7353097e+02
   8.0606061e+02   4.2167858e+01  -1.7430768e+02
   8.1212122e+02   4.1990120e+01  -1.7639567e+02
   8.1818182e+02   4.1416461e+01  -1.7608545e+02
   8.2424243e+02   4.0675537e+01  -1.7172502e+02
   8.3030304e+02   4.3011982e+01  -1.6558186e+02
   8.3636365e+02   3.9287237e+01  -1.7356596e+02
   8.4242426e+02   3.8351724e+01  -1.7019562e+02
   8.4848486e+02   3.7965859e+01  -1.7235707e+02
   8.5454547e+02   3.6929073e+01  -1.7094685e+02
   8.6060608e+02   3.6764984e+01  -1.7112028e+02
   8.6666669e+02   3.6205718e+01  -1.7019643e+02
   8.7272729e+02   3.5671474e+01  -1.7093838e+02
   8.7878790e+02   3.5191790e+01  -1.6854625e+02
   8.8484851e+02   3.5378345e+01  -1.6949471e+02
   8.9090912e+02   3.4617858e+01  -1.6861426e+02
   8.9696973e+02   3.4059277e+01  -1.6775449e+02
   9.0303027e+02   3.3994103e+01  -1.6616778e+02
   9.0909088e+02   3.3429180e+01  -1.6621271e+02
   9.1515149e+02   3.3261116e+01  -1.6897500e+02
   9.2121210e+02   3.3103254e+01  -1.6616870e+02
   9.2727271e+02   3.2772504e+01  -1.6756923e+02
   9.3333331e+02   3.2118362e+01  -1.6642744e+02
   9.3939392e+02   3.2109184e+01  -1.6537413e+02
   9.4545453e+02   3.1821165e+01  -1.6605000e+02
   9.5151514e+02   3.1055004e+01  -1.6650548e+02
   9.5757574e+02   3.1171119e+01  -1.6597821e+02
   9.6363635e+02   3.0853774e+01  -1.6539681e+02
   9.6969696e+02   3.0572668e+01  -1.6334968e+02
   9.7575757e+02   3.0246367e+01  -1.6279512e+02
   9.8181818e+02   3.0250714e+01  -1.6321879e+02
   9.8787878e+02   3.0011265e+01  -1.6236917e+02
   9.9393939e+02   2.9553552e+01  -1.6215057e+02
   1.0000000e+03   2.9331453e+01  -1.6185846e+02
