   1.0000000e+00   1.0088152e-02   1.0049871e-02   1.0088152e-02   1.0049871e-02
   1.0046158e+00   1.0182446e-02   1.0143799e-02   1.0182446e-02   1.0143799e-02
   1.0092529e+00   1.0277630e-02   1.0238615e-02   1.0277630e-02   1.0238615e-02
   1.0139114e+00   1.0373713e-02   1.0334326e-02   1.0373713e-02   1.0334326e-02
   1.0185914e+00   1.0470704e-02   1.0430940e-02   1.0470704e-02   1.0430940e-02
   1.0232930e+00   1.0568610e-02   1.0528468e-02   1.0568610e-02   1.0528468e-02
   1.0280163e+00   1.0667442e-02   1.0626917e-02   1.0667442e-02   1.0626917e-02
   1.0327614e+00   1.0767208e-02   1.0726296e-02   1.0767208e-02   1.0726296e-02
   1.0375284e+00   1.0867918e-02   1.0826614e-02   1.0867918e-02   1.0826614e-02
   1.0423174e+00   1.0969579e-02   1.0927880e-02   1.0969579e-02   1.0927880e-02
   1.0471285e+00   1.1072201e-02   1.1030105e-02   1.1072201e-02   1.1030105e-02
   1.0519619e+00   1.1175795e-02   1.1133295e-02   1.1175795e-02   1.1133295e-02
   1.0568175e+00   1.1280368e-02   1.1237462e-02   1.1280368e-02   1.1237462e-02
   1.0616956e+00   1.1385931e-02   1.1342615e-02   1.1385931e-02   1.1342615e-02
   1.0665961e+00   1.1492493e-02   1.1448762e-02   1.1492493e-02   1.1448762e-02
   1.0715193e+00   1.1600064e-02   1.1555914e-02   1.1600064e-02   1.1555914e-02
   1.0764652e+00   1.1708653e-02   1.1664080e-02   1.1708653e-02   1.1664080e-02
   1.0814340e+00   1.1818270e-02   1.1773271e-02   1.1818270e-02   1.1773271e-02
   1.0864256e+00   1.1928926e-02   1.1883496e-02   1.1928926e-02   1.1883496e-02
   1.0914403e+00   1.2040631e-02   1.1994765e-02   1.2040631e-02   1.1994765e-02
   1.0964782e+00   1.2153393e-02   1.2107088e-02   1.2153393e-02   1.2107088e-02
   1.1015393e+00   1.2267225e-02   1.2220475e-02   1.2267225e-02   1.2220475e-02
   1.1066238e+00   1.2382136e-02   1.2334937e-02   1.2382136e-02   1.2334937e-02
   1.1117317e+00   1.2498137e-02   1.2450485e-02   1.2498137e-02   1.2450485e-02
   1.1168632e+00   1.2615238e-02   1.2567128e-02   1.2615238e-02   1.2567128e-02
   1.1220185e+00   1.2733449e-02   1.2684878e-02   1.2733449e-02   1.2684878e-02
   1.1271975e+00   1.2852783e-02   1.2803745e-02   1.2852783e-02   1.2803745e-02
   1.1324004e+00   1.2973249e-02   1.2923740e-02   1.2973249e-02   1.2923740e-02
   1.1376273e+00   1.3094859e-02   1.3044874e-02   1.3094859e-02   1.3044874e-02
   1.1428783e+00   1.3217624e-02   1.3167158e-02   1.3217624e-02   1.3167158e-02
   1.1481536e+00   1.3341554e-02   1.3290603e-02   1.3341554e-02   1.3290603e-02
   1.1534533e+00   1.3466663e-02   1.3415221e-02   1.3466663e-02   1.3415221e-02
   1.1587774e+00   1.3592960e-02   1.3541022e-02   1.3592960e-02   1.3541022e-02
   1.1641260e+00   1.3720457e-02   1.3668020e-02   1.3720457e-02   1.3668020e-02
   1.1694994e+00   1.3849167e-02   1.3796224e-02   1.3849167e-02   1.3796224e-02
   1.1748976e+00   1.3979101e-02   1.3925648e-02   1.3979101e-02   1.3925648e-02
   1.1803206e+00   1.4110271e-02   1.4056302e-02   1.4110271e-02   1.4056302e-02
   1.1857687e+00   1.4242689e-02   1.4188199e-02   1.4242689e-02   1.4188199e-02
   1.1912420e+00   1.4376367e-02   1.4321352e-02   1.4376367e-02   1.4321352e-02
   1.1967405e+00   1.4511317e-02   1.4455771e-02   1.4511317e-02   1.4455771e-02
   1.2022644e+00   1.4647553e-02   1.4591471e-02   1.4647553e-02   1.4591471e-02
   1.2078138e+00   1.4785087e-02   1.4728462e-02   1.4785087e-02   1.4728462e-02
   1.2133889e+00   1.4923930e-02   1.4866759e-02   1.4923930e-02   1.4866759e-02
   1.2189896e+00   1.5064097e-02   1.5006373e-02   1.5064097e-02   1.5006373e-02
   1.2246162e+00   1.5205600e-02   1.5147318e-02   1.5205600e-02   1.5147318e-02
   1.2302688e+00   1.5348453e-02   1.5289606e-02   1.5348453e-02   1.5289606e-02
   1.2359474e+00   1.5492668e-02   1.5433251e-02   1.5492668e-02   1.5433251e-02
   1.2416523e+00   1.5638259e-02   1.5578267e-02   1.5638259e-02   1.5578267e-02
   1.2473835e+00   1.5785239e-02   1.5724666e-02   1.5785239e-02   1.5724666e-02
   1.2531412e+00   1.5933622e-02   1.5872462e-02   1.5933622e-02   1.5872462e-02
   1.2589254e+00   1.6083422e-02   1.6021669e-02   1.6083422e-02   1.6021669e-02
   1.2647363e+00   1.6234653e-02   1.6172301e-02   1.6234653e-02   1.6172301e-02
   1.2705741e+00   1.6387329e-02   1.6324371e-02   1.6387329e-02   1.6324371e-02
   1.2764388e+00   1.6541464e-02   1.6477895e-02   1.6541464e-02   1.6477895e-02
   1.2823306e+00   1.6697073e-02   1.6632886e-02   1.6697073e-02   1.6632886e-02
   1.2882496e+00   1.6854169e-02   1.6789359e-02   1.6854169e-02   1.6789359e-02
   1.2941958e+00   1.7012769e-02   1.6947328e-02   1.7012769e-02   1.6947328e-02
   1.3001696e+00   1.7172886e-02   1.7106809e-02   1.7172886e-02   1.7106809e-02
   1.3061709e+00   1.7334535e-02   1.7267816e-02   1.7334535e-02   1.7267816e-02
   1.3121999e+00   1.7497733e-02   1.7430363e-02   1.7497733e-02   1.7430363e-02
   1.3182567e+00   1.7662493e-02   1.7594468e-02   1.7662493e-02   1.7594468e-02
   1.3243415e+00   1.7828832e-02   1.7760144e-02   1.7828832e-02   1.7760144e-02
   1.3304544e+00   1.7996765e-02   1.7927407e-02   1.7996765e-02   1.7927407e-02
   1.3365955e+00   1.8166309e-02   1.8096274e-02   1.8166309e-02   1.8096274e-02
   1.3427650e+00   1.8337478e-02   1.8266759e-02   1.8337478e-02   1.8266759e-02
   1.3489629e+00   1.8510289e-02   1.8438880e-02   1.8510289e-02   1.8438880e-02
   1.3551894e+00   1.8684759e-02   1.8612652e-02   1.8684759e-02   1.8612652e-02
   1.3614447e+00   1.8860903e-02   1.8788092e-02   1.8860903e-02   1.8788092e-02
   1.3677288e+00   1.9038739e-02   1.8965216e-02   1.9038739e-02   1.8965216e-02
   1.3740420e+00   1.9218284e-02   1.9144041e-02   1.9218284e-02   1.9144041e-02
   1.3803843e+00   1.9399554e-02   1.9324584e-02   1.9399554e-02   1.9324584e-02
   1.3867558e+00   1.9582566e-02   1.9506863e-02   1.9582566e-02   1.9506863e-02
   1.3931568e+00   1.9767338e-02   1.9690893e-02   1.9767338e-02   1.9690893e-02
   1.3995873e+00   1.9953888e-02   1.9876693e-02   1.9953888e-02   1.9876693e-02
   1.4060475e+00   2.0142233e-02   2.0064281e-02   2.0142233e-02   2.0064281e-02
   1.4125375e+00   2.0332392e-02   2.0253675e-02   2.0332392e-02   2.0253675e-02
   1.4190575e+00   2.0524381e-02   2.0444891e-02   2.0524381e-02   2.0444891e-02
   1.4256076e+00   2.0718220e-02   2.0637949e-02   2.0718220e-02   2.0637949e-02
   1.4321879e+00   2.0913928e-02   2.0832868e-02   2.0913928e-02   2.0832868e-02
   1.4387986e+00   2.1111522e-02   2.1029665e-02   2.1111522e-02   2.1029665e-02
   1.4454398e+00   2.1311022e-02   2.1228359e-02   2.1311022e-02   2.1228359e-02
   1.4521116e+00   2.1512447e-02   2.1428970e-02   2.1512447e-02   2.1428970e-02
   1.4588143e+00   2.1715816e-02   2.1631517e-02   2.1715816e-02   2.1631517e-02
   1.4655478e+00   2.1921149e-02   2.1836019e-02   2.1921149e-02   2.1836019e-02
   1.4723125e+00   2.2128466e-02   2.2042495e-02   2.2128466e-02   2.2042495e-02
   1.4791084e+00   2.2337786e-02   2.2250967e-02   2.2337786e-02   2.2250967e-02
   1.4859356e+00   2.2549129e-02   2.2461453e-02   2.2549129e-02   2.2461453e-02
   1.4927944e+00   2.2762517e-02   2.2673974e-02   2.2762517e-02   2.2673974e-02
   1.4996848e+00   2.2977969e-02   2.2888551e-02   2.2977969e-02   2.2888551e-02
   1.5066071e+00   2.3195507e-02   2.3105204e-02   2.3195507e-02   2.3105204e-02
   1.5135612e+00   2.3415151e-02   2.3323954e-02   2.3415151e-02   2.3323954e-02
   1.5205475e+00   2.3636923e-02   2.3544823e-02   2.3636923e-02   2.3544823e-02
   1.5275661e+00   2.3860845e-02   2.3767832e-02   2.3860845e-02   2.3767832e-02
   1.5346170e+00   2.4086937e-02   2.3993002e-02   2.4086937e-02   2.3993002e-02
   1.5417005e+00   2.4315223e-02   2.4220355e-02   2.4315223e-02   2.4220355e-02
   1.5488166e+00   2.4545724e-02   2.4449915e-02   2.4545724e-02   2.4449915e-02
   1.5559656e+00   2.4778464e-02   2.4681702e-02   2.4778464e-02   2.4681702e-02
   1.5631476e+00   2.5013463e-02   2.4915739e-02   2.5013463e-02   2.4915739e-02
   1.5703628e+00   2.5250746e-02   2.5152050e-02   2.5250746e-02   2.5152050e-02
   1.5776113e+00   2.5490337e-02   2.5390657e-02   2.5490337e-02   2.5390657e-02
   1.5848932e+00   2.5732257e-02   2.5631585e-02   2.5732257e-02   2.5631585e-02
   1.5922087e+00   2.5976531e-02   2.5874855e-02   2.5976531e-02   2.5874855e-02
   1.5995580e+00   2.6223184e-02   2.6120493e-02   2.6223184e-02   2.6120493e-02
   1.6069413e+00   2.6472239e-02   2.6368523e-02   2.6472239e-02   2.6368523e-02
   1.6143586e+00   2.6723721e-02   2.6618969e-02   2.6723721e-02   2.6618969e-02
   1.6218101e+00   2.6977654e-02   2.6871855e-02   2.6977654e-02   2.6871855e-02
   1.6292960e+00   2.7234065e-02   2.7127207e-02   2.7234065e-02   2.7127207e-02
   1.6368165e+00   2.7492977e-02   2.7385050e-02   2.7492977e-02   2.7385050e-02
   1.6443717e+00   2.7754418e-02   2.7645409e-02   2.7754418e-02   2.7645409e-02
   1.6519618e+00   2.8018412e-02   2.7908310e-02   2.8018412e-02   2.7908310e-02
   1.6595869e+00   2.8284987e-02   2.8173780e-02   2.8284987e-02   2.8173780e-02
   1.6672472e+00   2.8554168e-02   2.8441844e-02   2.8554168e-02   2.8441844e-02
   1.6749429e+00   2.8825982e-02   2.8712530e-02   2.8825982e-02   2.8712530e-02
   1.6826741e+00   2.9100457e-02   2.8985864e-02   2.9100457e-02   2.8985864e-02
   1.6904409e+00   2.9377620e-02   2.9261874e-02   2.9377620e-02   2.9261874e-02
   1.6982437e+00   2.9657499e-02   2.9540587e-02   2.9657499e-02   2.9540587e-02
   1.7060824e+00   2.9940122e-02   2.9822031e-02   2.9940122e-02   2.9822031e-02
   1.7139573e+00   3.0225517e-02   3.0106234e-02   3.0225517e-02   3.0106234e-02
   1.7218686e+00   3.0513713e-02   3.0393226e-02   3.0513713e-02   3.0393226e-02
   1.7298164e+00   3.0804738e-02   3.0683035e-02   3.0804738e-02   3.0683035e-02
   1.7378008e+00   3.1098623e-02   3.0975689e-02   3.1098623e-02   3.0975689e-02
   1.7458222e+00   3.1395398e-02   3.1271219e-02   3.1395398e-02   3.1271219e-02
   1.7538805e+00   3.1695091e-02   3.1569654e-02   3.1695091e-02   3.1569654e-02
   1.7619760e+00   3.1997733e-02   3.1871026e-02   3.1997733e-02   3.1871026e-02
   1.7701090e+00   3.2303356e-02   3.2175363e-02   3.2303356e-02   3.2175363e-02
   1.7782794e+00   3.2611990e-02   3.2482697e-02   3.2611990e-02   3.2482697e-02
   1.7864876e+00   3.2923667e-02   3.2793060e-02   3.2923667e-02   3.2793060e-02
   1.7947336e+00   3.3238418e-02   3.3106483e-02   3.3238418e-02   3.3106483e-02
   1.8030177e+00   3.3556276e-02   3.3422998e-02   3.3556276e-02   3.3422998e-02
   1.8113401e+00   3.3877273e-02   3.3742637e-02   3.3877273e-02   3.3742637e-02
   1.8197009e+00   3.4201442e-02   3.4065433e-02   3.4201442e-02   3.4065433e-02
   1.8281002e+00   3.4528816e-02   3.4391419e-02   3.4528816e-02   3.4391419e-02
   1.8365383e+00   3.4859430e-02   3.4720629e-02   3.4859430e-02   3.4720629e-02
   1.8450154e+00   3.5193317e-02   3.5053097e-02   3.5193317e-02   3.5053097e-02
   1.8535316e+00   3.5530511e-02   3.5388856e-02   3.5530511e-02   3.5388856e-02
   1.8620871e+00   3.5871048e-02   3.5727942e-02   3.5871048e-02   3.5727942e-02
   1.8706821e+00   3.6214963e-02   3.6070389e-02   3.6214963e-02   3.6070389e-02
   1.8793168e+00   3.6562291e-02   3.6416234e-02   3.6562291e-02   3.6416234e-02
   1.8879913e+00   3.6913069e-02   3.6765512e-02   3.6913069e-02   3.6765512e-02
   1.8967059e+00   3.7267333e-02   3.7118258e-02   3.7267333e-02   3.7118258e-02
   1.9054607e+00   3.7625120e-02   3.7474511e-02   3.7625120e-02   3.7474511e-02
   1.9142559e+00   3.7986468e-02   3.7834308e-02   3.7986468e-02   3.7834308e-02
   1.9230917e+00   3.8351415e-02   3.8197685e-02   3.8351415e-02   3.8197685e-02
   1.9319683e+00   3.8719998e-02   3.8564681e-02   3.8719998e-02   3.8564681e-02
   1.9408859e+00   3.9092256e-02   3.8935335e-02   3.9092256e-02   3.8935335e-02
   1.9498446e+00   3.9468229e-02   3.9309685e-02   3.9468229e-02   3.9309685e-02
   1.9588447e+00   3.9847957e-02   3.9687771e-02   3.9847957e-02   3.9687771e-02
   1.9678863e+00   4.0231479e-02   4.0069633e-02   4.0231479e-02   4.0069633e-02
   1.9769696e+00   4.0618837e-02   4.0455312e-02   4.0618837e-02   4.0455312e-02
   1.9860949e+00   4.1010071e-02   4.0844847e-02   4.1010071e-02   4.0844847e-02
   1.9952623e+00   4.1405223e-02   4.1238281e-02   4.1405223e-02   4.1238281e-02
   2.0044720e+00   4.1804335e-02   4.1635656e-02   4.1804335e-02   4.1635656e-02
   2.0137242e+00   4.2207450e-02   4.2037014e-02   4.2207450e-02   4.2037014e-02
   2.0230192e+00   4.2614611e-02   4.2442397e-02   4.2614611e-02   4.2442397e-02
   2.0323570e+00   4.3025861e-02   4.2851849e-02   4.3025861e-02   4.2851849e-02
   2.0417379e+00   4.3441246e-02   4.3265415e-02   4.3441246e-02   4.3265415e-02
   2.0511622e+00   4.3860809e-02   4.3683138e-02   4.3860809e-02   4.3683138e-02
   2.0606299e+00   4.4284596e-02   4.4105064e-02   4.4284596e-02   4.4105064e-02
   2.0701413e+00   4.4712653e-02   4.4531238e-02   4.4712653e-02   4.4531238e-02
   2.0796967e+00   4.5145026e-02   4.4961706e-02   4.5145026e-02   4.4961706e-02
   2.0892961e+00   4.5581762e-02   4.5396515e-02   4.5581762e-02   4.5396515e-02
   2.0989399e+00   4.6022909e-02   4.5835713e-02   4.6022909e-02   4.5835713e-02
   2.1086281e+00   4.6468515e-02   4.6279347e-02   4.6468515e-02   4.6279347e-02
   2.1183611e+00   4.6918629e-02   4.6727465e-02   4.6918629e-02   4.6727465e-02
   2.1281390e+00   4.7373300e-02   4.7180117e-02   4.7373300e-02   4.7180117e-02
   2.1379621e+00   4.7832578e-02   4.7637352e-02   4.7832578e-02   4.7637352e-02
   2.1478305e+00   4.8296514e-02   4.8099221e-02   4.8296514e-02   4.8099221e-02
   2.1577444e+00   4.8765158e-02   4.8565774e-02   4.8765158e-02   4.8565774e-02
   2.1677041e+00   4.9238563e-02   4.9037063e-02   4.9238563e-02   4.9037063e-02
   2.1777098e+00   4.9716782e-02   4.9513141e-02   4.9716782e-02   4.9513141e-02
   2.1877616e+00   5.0199867e-02   4.9994059e-02   5.0199867e-02   4.9994059e-02
   2.1978599e+00   5.0687873e-02   5.0479872e-02   5.0687873e-02   5.0479872e-02
   2.2080047e+00   5.1180853e-02   5.0970634e-02   5.1180853e-02   5.0970634e-02
   2.2181964e+00   5.1678863e-02   5.1466399e-02   5.1678863e-02   5.1466399e-02
   2.2284351e+00   5.2181960e-02   5.1967224e-02   5.2181960e-02   5.1967224e-02
   2.2387211e+00   5.2690199e-02   5.2473163e-02   5.2690199e-02   5.2473163e-02
   2.2490546e+00   5.3203638e-02   5.2984275e-02   5.3203638e-02   5.2984275e-02
   2.2594358e+00   5.3722336e-02   5.3500618e-02   5.3722336e-02   5.3500618e-02
   2.2698649e+00   5.4246350e-02   5.4022248e-02   5.4246350e-02   5.4022248e-02
   2.2803421e+00   5.4775741e-02   5.4549227e-02   5.4775741e-02   5.4549227e-02
   2.2908677e+00   5.5310569e-02   5.5081613e-02   5.5310569e-02   5.5081613e-02
   2.3014418e+00   5.5850895e-02   5.5619467e-02   5.5850895e-02   5.5619467e-02
   2.3120648e+00   5.6396781e-02   5.6162852e-02   5.6396781e-02   5.6162852e-02
   2.3227368e+00   5.6948291e-02   5.6711828e-02   5.6948291e-02   5.6711828e-02
   2.3334581e+00   5.7505486e-02   5.7266460e-02   5.7505486e-02   5.7266460e-02
   2.3442288e+00   5.8068432e-02   5.7826812e-02   5.8068432e-02   5.7826812e-02
   2.3550493e+00   5.8637195e-02   5.8392947e-02   5.8637195e-02   5.8392947e-02
   2.3659197e+00   5.9211839e-02   5.8964932e-02   5.9211839e-02   5.8964932e-02
   2.3768403e+00   5.9792433e-02   5.9542833e-02   5.9792433e-02   5.9542833e-02
   2.3878113e+00   6.0379044e-02   6.0126718e-02   6.0379044e-02   6.0126718e-02
   2.3988329e+00   6.0971740e-02   6.0716655e-02   6.0971740e-02   6.0716655e-02
   2.4099054e+00   6.1570592e-02   6.1312712e-02   6.1570592e-02   6.1312712e-02
   2.4210290e+00   6.2175669e-02   6.1914961e-02   6.2175669e-02   6.1914961e-02
   2.4322040e+00   6.2787044e-02   6.2523472e-02   6.2787044e-02   6.2523472e-02
   2.4434306e+00   6.3404790e-02   6.3138317e-02   6.3404790e-02   6.3138317e-02
   2.4547089e+00   6.4028978e-02   6.3759568e-02   6.4028978e-02   6.3759568e-02
   2.4660393e+00   6.4659685e-02   6.4387301e-02   6.4659685e-02   6.4387301e-02
   2.4774221e+00   6.5296985e-02   6.5021589e-02   6.5296985e-02   6.5021589e-02
   2.4888573e+00   6.5940954e-02   6.5662509e-02   6.5940954e-02   6.5662509e-02
   2.5003454e+00   6.6591671e-02   6.6310138e-02   6.6591671e-02   6.6310138e-02
   2.5118864e+00   6.7249214e-02   6.6964553e-02   6.7249214e-02   6.6964553e-02
   2.5234808e+00   6.7913663e-02   6.7625833e-02   6.7913663e-02   6.7625833e-02
   2.5351286e+00   6.8585097e-02   6.8294060e-02   6.8585097e-02   6.8294060e-02
   2.5468303e+00   6.9263600e-02   6.8969313e-02   6.9263600e-02   6.8969313e-02
   2.5585859e+00   6.9949254e-02   6.9651675e-02   6.9949254e-02   6.9651675e-02
   2.5703958e+00   7.0642143e-02   7.0341230e-02   7.0642143e-02   7.0341230e-02
   2.5822602e+00   7.1342353e-02   7.1038062e-02   7.1342353e-02   7.1038062e-02
   2.5941794e+00   7.2049969e-02   7.1742257e-02   7.2049969e-02   7.1742257e-02
   2.6061535e+00   7.2765080e-02   7.2453903e-02   7.2765080e-02   7.2453903e-02
   2.6181830e+00   7.3487774e-02   7.3173086e-02   7.3487774e-02   7.3173086e-02
   2.6302680e+00   7.4218142e-02   7.3899897e-02   7.4218142e-02   7.3899897e-02
   2.6424088e+00   7.4956275e-02   7.4634426e-02   7.4956275e-02   7.4634426e-02
   2.6546056e+00   7.5702265e-02   7.5376766e-02   7.5702265e-02   7.5376766e-02
   2.6668587e+00   7.6456207e-02   7.6127009e-02   7.6456207e-02   7.6127009e-02
   2.6791683e+00   7.7218196e-02   7.6885249e-02   7.7218196e-02   7.6885249e-02
   2.6915348e+00   7.7988328e-02   7.7651584e-02   7.7988328e-02   7.7651584e-02
   2.7039584e+00   7.8766702e-02   7.8426109e-02   7.8766702e-02   7.8426109e-02
   2.7164393e+00   7.9553417e-02   7.9208925e-02   7.9553417e-02   7.9208925e-02
   2.7289778e+00   8.0348574e-02   8.0000130e-02   8.0348574e-02   8.0000130e-02
   2.7415742e+00   8.1152276e-02   8.0799826e-02   8.1152276e-02   8.0799826e-02
   2.7542287e+00   8.1964625e-02   8.1608117e-02   8.1964625e-02   8.1608117e-02
   2.7669416e+00   8.2785728e-02   8.2425106e-02   8.2785728e-02   8.2425106e-02
   2.7797133e+00   8.3615692e-02   8.3250900e-02   8.3615692e-02   8.3250900e-02
   2.7925438e+00   8.4454624e-02   8.4085606e-02   8.4454624e-02   8.4085606e-02
   2.8054336e+00   8.5302635e-02   8.4929333e-02   8.5302635e-02   8.4929333e-02
   2.8183829e+00   8.6159836e-02   8.5782191e-02   8.6159836e-02   8.5782191e-02
   2.8313920e+00   8.7026341e-02   8.6644294e-02   8.7026341e-02   8.6644294e-02
   2.8444611e+00   8.7902264e-02   8.7515755e-02   8.7902264e-02   8.7515755e-02
   2.8575905e+00   8.8787722e-02   8.8396689e-02   8.8787722e-02   8.8396689e-02
   2.8707806e+00   8.9682834e-02   8.9287214e-02   8.9682834e-02   8.9287214e-02
   2.8840315e+00   9.0587720e-02   9.0187449e-02   9.0587720e-02   9.0187449e-02
   2.8973436e+00   9.1502501e-02   9.1097515e-02   9.1502501e-02   9.1097515e-02
   2.9107171e+00   9.2427301e-02   9.2017535e-02   9.2427301e-02   9.2017535e-02
   2.9241524e+00   9.3362247e-02   9.2947632e-02   9.3362247e-02   9.2947632e-02
   2.9376497e+00   9.4307465e-02   9.3887934e-02   9.4307465e-02   9.3887934e-02
   2.9512092e+00   9.5263085e-02   9.4838568e-02   9.5263085e-02   9.4838568e-02
   2.9648314e+00   9.6229238e-02   9.5799666e-02   9.6229238e-02   9.5799666e-02
   2.9785164e+00   9.7206059e-02   9.6771358e-02   9.7206059e-02   9.6771358e-02
   2.9922646e+00   9.8193682e-02   9.7753780e-02   9.8193682e-02   9.7753780e-02
   3.0060763e+00   9.9192244e-02   9.8747067e-02   9.9192244e-02   9.8747067e-02
   3.0199517e+00   1.0020189e-01   9.9751358e-02   1.0020189e-01   9.9751358e-02
   3.0338912e+00   1.0122275e-01   1.0076679e-01   1.0122275e-01   1.0076679e-01
   3.0478950e+00   1.0225498e-01   1.0179352e-01   1.0225498e-01   1.0179352e-01
   3.0619634e+00   1.0329872e-01   1.0283167e-01   1.0329872e-01   1.0283167e-01
   3.0760968e+00   1.0435413e-01   1.0388141e-01   1.0435413e-01   1.0388141e-01
   3.0902954e+00   1.0542134e-01   1.0494287e-01   1.0542134e-01   1.0494287e-01
   3.1045596e+00   1.0650052e-01   1.0601622e-01   1.0650052e-01   1.0601622e-01
   3.1188896e+00   1.0759182e-01   1.0710160e-01   1.0759182e-01   1.0710160e-01
   3.1332857e+00   1.0869540e-01   1.0819917e-01   1.0869540e-01   1.0819917e-01
   3.1477483e+00   1.0981142e-01   1.0930909e-01   1.0981142e-01   1.0930909e-01
   3.1622777e+00   1.1094004e-01   1.1043153e-01   1.1094004e-01   1.1043153e-01
   3.1768741e+00   1.1208143e-01   1.1156664e-01   1.1208143e-01   1.1156664e-01
   3.1915379e+00   1.1323576e-01   1.1271459e-01   1.1323576e-01   1.1271459e-01
   3.2062693e+00   1.1440320e-01   1.1387556e-01   1.1440320e-01   1.1387556e-01
   3.2210688e+00   1.1558392e-01   1.1504972e-01   1.1558392e-01   1.1504972e-01
   3.2359366e+00   1.1677810e-01   1.1623724e-01   1.1677810e-01   1.1623724e-01
   3.2508730e+00   1.1798593e-01   1.1743830e-01   1.1798593e-01   1.1743830e-01
   3.2658783e+00   1.1920758e-01   1.1865307e-01   1.1920758e-01   1.1865307e-01
   3.2809529e+00   1.2044323e-01   1.1988175e-01   1.2044323e-01   1.1988175e-01
   3.2960971e+00   1.2169309e-01   1.2112453e-01   1.2169309e-01   1.2112453e-01
   3.3113112e+00   1.2295733e-01   1.2238158e-01   1.2295733e-01   1.2238158e-01
   3.3265955e+00   1.2423617e-01   1.2365311e-01   1.2423617e-01   1.2365311e-01
   3.3419504e+00   1.2552978e-01   1.2493931e-01   1.2552978e-01   1.2493931e-01
   3.3573761e+00   1.2683839e-01   1.2624038e-01   1.2683839e-01   1.2624038e-01
   3.3728731e+00   1.2816218e-01   1.2755653e-01   1.2816218e-01   1.2755653e-01
   3.3884416e+00   1.2950138e-01   1.2888796e-01   1.2950138e-01   1.2888796e-01
   3.4040819e+00   1.3085619e-01   1.3023488e-01   1.3085619e-01   1.3023488e-01
   3.4197944e+00   1.3222684e-01   1.3159750e-01   1.3222684e-01   1.3159750e-01
   3.4355795e+00   1.3361353e-01   1.3297605e-01   1.3361353e-01   1.3297605e-01
   3.4514374e+00   1.3501649e-01   1.3437074e-01   1.3501649e-01   1.3437074e-01
   3.4673685e+00   1.3643596e-01   1.3578180e-01   1.3643596e-01   1.3578180e-01
   3.4833732e+00   1.3787216e-01   1.3720945e-01   1.3787216e-01   1.3720945e-01
   3.4994517e+00   1.3932533e-01   1.3865394e-01   1.3932533e-01   1.3865394e-01
   3.5156044e+00   1.4079570e-01   1.4011549e-01   1.4079570e-01   1.4011549e-01
   3.5318317e+00   1.4228353e-01   1.4159435e-01   1.4228353e-01   1.4159435e-01
   3.5481339e+00   1.4378906e-01   1.4309077e-01   1.4378906e-01   1.4309077e-01
   3.5645113e+00   1.4531254e-01   1.4460498e-01   1.4531254e-01   1.4460498e-01
   3.5809644e+00   1.4685423e-01   1.4613726e-01   1.4685423e-01   1.4613726e-01
   3.5974934e+00   1.4841439e-01   1.4768785e-01   1.4841439e-01   1.4768785e-01
   3.6140986e+00   1.4999329e-01   1.4925702e-01   1.4999329e-01   1.4925702e-01
   3.6307805e+00   1.5159121e-01   1.5084504e-01   1.5159121e-01   1.5084504e-01
   3.6475395e+00   1.5320840e-01   1.5245217e-01   1.5320840e-01   1.5245217e-01
   3.6643757e+00   1.5484517e-01   1.5407871e-01   1.5484517e-01   1.5407871e-01
   3.6812897e+00   1.5650179e-01   1.5572493e-01   1.5650179e-01   1.5572493e-01
   3.6982818e+00   1.5817856e-01   1.5739111e-01   1.5817856e-01   1.5739111e-01
   3.7153523e+00   1.5987577e-01   1.5907756e-01   1.5987577e-01   1.5907756e-01
   3.7325016e+00   1.6159373e-01   1.6078457e-01   1.6159373e-01   1.6078457e-01
   3.7497300e+00   1.6333274e-01   1.6251245e-01   1.6333274e-01   1.6251245e-01
   3.7670380e+00   1.6509313e-01   1.6426150e-01   1.6509313e-01   1.6426150e-01
   3.7844258e+00   1.6687520e-01   1.6603205e-01   1.6687520e-01   1.6603205e-01
   3.8018940e+00   1.6867929e-01   1.6782441e-01   1.6867929e-01   1.6782441e-01
   3.8194427e+00   1.7050572e-01   1.6963891e-01   1.7050572e-01   1.6963891e-01
   3.8370725e+00   1.7235485e-01   1.7147589e-01   1.7235485e-01   1.7147589e-01
   3.8547836e+00   1.7422700e-01   1.7333568e-01   1.7422700e-01   1.7333568e-01
   3.8725764e+00   1.7612254e-01   1.7521864e-01   1.7612254e-01   1.7521864e-01
   3.8904514e+00   1.7804183e-01   1.7712512e-01   1.7804183e-01   1.7712512e-01
   3.9084090e+00   1.7998522e-01   1.7905547e-01   1.7998522e-01   1.7905547e-01
   3.9264494e+00   1.8195310e-01   1.8101008e-01   1.8195310e-01   1.8101008e-01
   3.9445730e+00   1.8394584e-01   1.8298930e-01   1.8394584e-01   1.8298930e-01
   3.9627803e+00   1.8596383e-01   1.8499353e-01   1.8596383e-01   1.8499353e-01
   3.9810717e+00   1.8800747e-01   1.8702315e-01   1.8800747e-01   1.8702315e-01
   3.9994475e+00   1.9007716e-01   1.8907857e-01   1.9007716e-01   1.8907857e-01
   4.0179081e+00   1.9217331e-01   1.9116018e-01   1.9217331e-01   1.9116018e-01
   4.0364539e+00   1.9429634e-01   1.9326840e-01   1.9429634e-01   1.9326840e-01
   4.0550854e+00   1.9644669e-01   1.9540366e-01   1.9644669e-01   1.9540366e-01
   4.0738028e+00   1.9862478e-01   1.9756638e-01   1.9862478e-01   1.9756638e-01
   4.0926066e+00   2.0083107e-01   1.9975701e-01   2.0083107e-01   1.9975701e-01
   4.1114972e+00   2.0306601e-01   2.0197599e-01   2.0306601e-01   2.0197599e-01
   4.1304750e+00   2.0533006e-01   2.0422377e-01   2.0533006e-01   2.0422377e-01
   4.1495404e+00   2.0762370e-01   2.0650084e-01   2.0762370e-01   2.0650084e-01
   4.1686938e+00   2.0994742e-01   2.0880766e-01   2.0994742e-01   2.0880766e-01
   4.1879357e+00   2.1230171e-01   2.1114472e-01   2.1230171e-01   2.1114472e-01
   4.2072663e+00   2.1468707e-01   2.1351251e-01   2.1468707e-01   2.1351251e-01
   4.2266861e+00   2.1710402e-01   2.1591156e-01   2.1710402e-01   2.1591156e-01
   4.2461956e+00   2.1955309e-01   2.1834236e-01   2.1955309e-01   2.1834236e-01
   4.2657952e+00   2.2203481e-01   2.2080546e-01   2.2203481e-01   2.2080546e-01
   4.2854852e+00   2.2454974e-01   2.2330140e-01   2.2454974e-01   2.2330140e-01
   4.3052661e+00   2.2709844e-01   2.2583072e-01   2.2709844e-01   2.2583072e-01
   4.3251383e+00   2.2968148e-01   2.2839399e-01   2.2968148e-01   2.2839399e-01
   4.3451022e+00   2.3229945e-01   2.3099179e-01   2.3229945e-01   2.3099179e-01
   4.3651583e+00   2.3495295e-01   2.3362471e-01   2.3495295e-01   2.3362471e-01
   4.3853070e+00   2.3764259e-01   2.3629334e-01   2.3764259e-01   2.3629334e-01
   4.4055486e+00   2.4036900e-01   2.3899831e-01   2.4036900e-01   2.3899831e-01
   4.4258837e+00   2.4313283e-01   2.4174025e-01   2.4313283e-01   2.4174025e-01
   4.4463127e+00   2.4593471e-01   2.4451980e-01   2.4593471e-01   2.4451980e-01
   4.4668359e+00   2.4877533e-01   2.4733761e-01   2.4877533e-01   2.4733761e-01
   4.4874539e+00   2.5165538e-01   2.5019436e-01   2.5165538e-01   2.5019436e-01
   4.5081670e+00   2.5457554e-01   2.5309074e-01   2.5457554e-01   2.5309074e-01
   4.5289758e+00   2.5753655e-01   2.5602745e-01   2.5753655e-01   2.5602745e-01
   4.5498806e+00   2.6053913e-01   2.5900522e-01   2.6053913e-01   2.5900522e-01
   4.5708819e+00   2.6358404e-01   2.6202477e-01   2.6358404e-01   2.6202477e-01
   4.5919801e+00   2.6667205e-01   2.6508687e-01   2.6667205e-01   2.6508687e-01
   4.6131757e+00   2.6980393e-01   2.6819228e-01   2.6980393e-01   2.6819228e-01
   4.6344692e+00   2.7298051e-01   2.7134180e-01   2.7298051e-01   2.7134180e-01
   4.6558609e+00   2.7620260e-01   2.7453624e-01   2.7620260e-01   2.7453624e-01
   4.6773514e+00   2.7947106e-01   2.7777642e-01   2.7947106e-01   2.7777642e-01
   4.6989411e+00   2.8278673e-01   2.8106319e-01   2.8278673e-01   2.8106319e-01
   4.7206304e+00   2.8615053e-01   2.8439742e-01   2.8615053e-01   2.8439742e-01
   4.7424199e+00   2.8956334e-01   2.8778000e-01   2.8956334e-01   2.8778000e-01
   4.7643099e+00   2.9302611e-01   2.9121184e-01   2.9302611e-01   2.9121184e-01
   4.7863009e+00   2.9653978e-01   2.9469388e-01   2.9653978e-01   2.9469388e-01
   4.8083935e+00   3.0010535e-01   2.9822707e-01   3.0010535e-01   2.9822707e-01
   4.8305880e+00   3.0372380e-01   3.0181239e-01   3.0372380e-01   3.0181239e-01
   4.8528850e+00   3.0739616e-01   3.0545085e-01   3.0739616e-01   3.0545085e-01
   4.8752849e+00   3.1112350e-01   3.0914349e-01   3.1112350e-01   3.0914349e-01
   4.8977882e+00   3.1490689e-01   3.1289135e-01   3.1490689e-01   3.1289135e-01
   4.9203954e+00   3.1874745e-01   3.1669552e-01   3.1874745e-01   3.1669552e-01
   4.9431069e+00   3.2264630e-01   3.2055712e-01   3.2264630e-01   3.2055712e-01
   4.9659232e+00   3.2660463e-01   3.2447728e-01   3.2660463e-01   3.2447728e-01
   4.9888449e+00   3.3062362e-01   3.2845717e-01   3.3062362e-01   3.2845717e-01
   5.0118723e+00   3.3470451e-01   3.3249801e-01   3.3470451e-01   3.3249801e-01
   5.0350061e+00   3.3884856e-01   3.3660101e-01   3.3884856e-01   3.3660101e-01
   5.0582466e+00   3.4305707e-01   3.4076744e-01   3.4305707e-01   3.4076744e-01
   5.0815944e+00   3.4733138e-01   3.4499861e-01   3.4733138e-01   3.4499861e-01
   5.1050500e+00   3.5167284e-01   3.4929585e-01   3.5167284e-01   3.4929585e-01
   5.1286138e+00   3.5608287e-01   3.5366053e-01   3.5608287e-01   3.5366053e-01
   5.1522864e+00   3.6056291e-01   3.5809405e-01   3.6056291e-01   3.5809405e-01
   5.1760683e+00   3.6511445e-01   3.6259787e-01   3.6511445e-01   3.6259787e-01
   5.1999600e+00   3.6973901e-01   3.6717347e-01   3.6973901e-01   3.6717347e-01
   5.2239619e+00   3.7443816e-01   3.7182238e-01   3.7443816e-01   3.7182238e-01
   5.2480746e+00   3.7921353e-01   3.7654617e-01   3.7921353e-01   3.7654617e-01
   5.2722986e+00   3.8406676e-01   3.8134645e-01   3.8406676e-01   3.8134645e-01
   5.2966344e+00   3.8899957e-01   3.8622489e-01   3.8899957e-01   3.8622489e-01
   5.3210826e+00   3.9401371e-01   3.9118320e-01   3.9401371e-01   3.9118320e-01
   5.3456436e+00   3.9911100e-01   3.9622313e-01   3.9911100e-01   3.9622313e-01
   5.3703180e+00   4.0429330e-01   4.0134649e-01   4.0429330e-01   4.0134649e-01
   5.3951062e+00   4.0956252e-01   4.0655514e-01   4.0956252e-01   4.0655514e-01
   5.4200089e+00   4.1492064e-01   4.1185101e-01   4.1492064e-01   4.1185101e-01
   5.4450265e+00   4.2036970e-01   4.1723607e-01   4.2036970e-01   4.1723607e-01
   5.4701596e+00   4.2591179e-01   4.2271234e-01   4.2591179e-01   4.2271234e-01
   5.4954087e+00   4.3154907e-01   4.2828193e-01   4.3154907e-01   4.2828193e-01
   5.5207744e+00   4.3728377e-01   4.3394699e-01   4.3728377e-01   4.3394699e-01
   5.5462571e+00   4.4311819e-01   4.3970974e-01   4.4311819e-01   4.3970974e-01
   5.5718575e+00   4.4905469e-01   4.4557248e-01   4.4905469e-01   4.4557248e-01
   5.5975760e+00   4.5509571e-01   4.5153757e-01   4.5509571e-01   4.5153757e-01
   5.6234133e+00   4.6124378e-01   4.5760745e-01   4.6124378e-01   4.5760745e-01
   5.6493697e+00   4.6750151e-01   4.6378464e-01   4.6750151e-01   4.6378464e-01
   5.6754461e+00   4.7387156e-01   4.7007172e-01   4.7387156e-01   4.7007172e-01
   5.7016427e+00   4.8035672e-01   4.7647138e-01   4.8035672e-01   4.7647138e-01
   5.7279603e+00   4.8695985e-01   4.8298638e-01   4.8695985e-01   4.8298638e-01
   5.7543994e+00   4.9368390e-01   4.8961957e-01   4.9368390e-01   4.8961957e-01
   5.7809605e+00   5.0053194e-01   4.9637390e-01   5.0053194e-01   4.9637390e-01
   5.8076442e+00   5.0750713e-01   5.0325242e-01   5.0750713e-01   5.0325242e-01
   5.8344510e+00   5.1461272e-01   5.1025827e-01   5.1461272e-01   5.1025827e-01
   5.8613816e+00   5.2185211e-01   5.1739471e-01   5.2185211e-01   5.1739471e-01
   5.8884366e+00   5.2922879e-01   5.2466510e-01   5.2922879e-01   5.2466510e-01
   5.9156163e+00   5.3674637e-01   5.3207292e-01   5.3674637e-01   5.3207292e-01
   5.9429216e+00   5.4440860e-01   5.3962176e-01   5.4440860e-01   5.3962176e-01
   5.9703529e+00   5.5221936e-01   5.4731535e-01   5.5221936e-01   5.4731535e-01
   5.9979108e+00   5.6018266e-01   5.5515755e-01   5.6018266e-01   5.5515755e-01
   6.0255959e+00   5.6830266e-01   5.6315233e-01   5.6830266e-01   5.6315233e-01
   6.0534087e+00   5.7658368e-01   5.7130384e-01   5.7658368e-01   5.7130384e-01
   6.0813500e+00   5.8503019e-01   5.7961636e-01   5.8503019e-01   5.7961636e-01
   6.1094202e+00   5.9364683e-01   5.8809432e-01   5.9364683e-01   5.8809432e-01
   6.1376201e+00   6.0243840e-01   5.9674233e-01   6.0243840e-01   5.9674233e-01
   6.1659500e+00   6.1140990e-01   6.0556514e-01   6.1140990e-01   6.0556514e-01
   6.1944108e+00   6.2056651e-01   6.1456772e-01   6.2056651e-01   6.1456772e-01
   6.2230029e+00   6.2991361e-01   6.2375520e-01   6.2991361e-01   6.2375520e-01
   6.2517269e+00   6.3945679e-01   6.3313289e-01   6.3945679e-01   6.3313289e-01
   6.2805836e+00   6.4920187e-01   6.4270635e-01   6.4920187e-01   6.4270635e-01
   6.3095734e+00   6.5915489e-01   6.5248131e-01   6.5915489e-01   6.5248131e-01
   6.3386971e+00   6.6932213e-01   6.6246375e-01   6.6932213e-01   6.6246375e-01
   6.3679552e+00   6.7971013e-01   6.7265988e-01   6.7971013e-01   6.7265988e-01
   6.3973484e+00   6.9032569e-01   6.8307616e-01   6.9032569e-01   6.8307616e-01
   6.4268772e+00   7.0117590e-01   6.9371929e-01   7.0117590e-01   6.9371929e-01
   6.4565423e+00   7.1226814e-01   7.0459628e-01   7.1226814e-01   7.0459628e-01
   6.4863443e+00   7.2361010e-01   7.1571439e-01   7.2361010e-01   7.1571439e-01
   6.5162839e+00   7.3520981e-01   7.2708121e-01   7.3520981e-01   7.2708121e-01
   6.5463617e+00   7.4707563e-01   7.3870463e-01   7.4707563e-01   7.3870463e-01
   6.5765784e+00   7.5921628e-01   7.5059287e-01   7.5921628e-01   7.5059287e-01
   6.6069345e+00   7.7164089e-01   7.6275453e-01   7.7164089e-01   7.6275453e-01
   6.6374307e+00   7.8435897e-01   7.7519855e-01   7.8435897e-01   7.7519855e-01
   6.6680677e+00   7.9738047e-01   7.8793427e-01   7.9738047e-01   7.8793427e-01
   6.6988461e+00   8.1071578e-01   8.0097146e-01   8.1071578e-01   8.0097146e-01
   6.7297666e+00   8.2437579e-01   8.1432029e-01   8.2437579e-01   8.1432029e-01
   6.7608298e+00   8.3837189e-01   8.2799142e-01   8.3837189e-01   8.2799142e-01
   6.7920363e+00   8.5271598e-01   8.4199599e-01   8.5271598e-01   8.4199599e-01
   6.8233869e+00   8.6742056e-01   8.5634564e-01   8.6742056e-01   8.5634564e-01
   6.8548823e+00   8.8249871e-01   8.7105256e-01   8.8249871e-01   8.7105256e-01
   6.8865230e+00   8.9796418e-01   8.8612951e-01   8.9796418e-01   8.8612951e-01
   6.9183097e+00   9.1383135e-01   9.0158987e-01   9.1383135e-01   9.0158987e-01
   6.9502432e+00   9.3011537e-01   9.1744766e-01   9.3011537e-01   9.1744766e-01
   6.9823240e+00   9.4683212e-01   9.3371757e-01   9.4683212e-01   9.3371757e-01
   7.0145530e+00   9.6399830e-01   9.5041502e-01   9.6399830e-01   9.5041502e-01
   7.0469307e+00   9.8163150e-01   9.6755623e-01   9.8163150e-01   9.6755623e-01
   7.0794578e+00   9.9975022e-01   9.8515819e-01   9.9975022e-01   9.8515819e-01
   7.1121351e+00   1.0183739e+00   1.0032388e+00   1.0183739e+00   1.0032388e+00
   7.1449633e+00   1.0375232e+00   1.0218168e+00   1.0375232e+00   1.0218168e+00
   7.1779429e+00   1.0572196e+00   1.0409121e+00   1.0572196e+00   1.0409121e+00
   7.2110748e+00   1.0774861e+00   1.0605455e+00   1.0774861e+00   1.0605455e+00
   7.2443596e+00   1.0983468e+00   1.0807389e+00   1.0983468e+00   1.0807389e+00
   7.2777980e+00   1.1198272e+00   1.1015155e+00   1.1198272e+00   1.1015155e+00
   7.3113908e+00   1.1419544e+00   1.1228997e+00   1.1419544e+00   1.1228997e+00
   7.3451387e+00   1.1647568e+00   1.1449174e+00   1.1647568e+00   1.1449174e+00
   7.3790423e+00   1.1882649e+00   1.1675957e+00   1.1882649e+00   1.1675957e+00
   7.4131024e+00   1.2125107e+00   1.1909636e+00   1.2125107e+00   1.1909636e+00
   7.4473197e+00   1.2375283e+00   1.2150514e+00   1.2375283e+00   1.2150514e+00
   7.4816950e+00   1.2633540e+00   1.2398915e+00   1.2633540e+00   1.2398915e+00
   7.5162289e+00   1.2900262e+00   1.2655180e+00   1.2900262e+00   1.2655180e+00
   7.5509223e+00   1.3175859e+00   1.2919673e+00   1.3175859e+00   1.2919673e+00
   7.5857758e+00   1.3460768e+00   1.3192778e+00   1.3460768e+00   1.3192778e+00
   7.6207901e+00   1.3755453e+00   1.3474904e+00   1.3755453e+00   1.3474904e+00
   7.6559661e+00   1.4060413e+00   1.3766487e+00   1.4060413e+00   1.3766487e+00
   7.6913044e+00   1.4376178e+00   1.4067988e+00   1.4376178e+00   1.4067988e+00
   7.7268059e+00   1.4703315e+00   1.4379900e+00   1.4703315e+00   1.4379900e+00
   7.7624712e+00   1.5042434e+00   1.4702748e+00   1.5042434e+00   1.4702748e+00
   7.7983011e+00   1.5394186e+00   1.5037092e+00   1.5394186e+00   1.5037092e+00
   7.8342964e+00   1.5759272e+00   1.5383531e+00   1.5759272e+00   1.5383531e+00
   7.8704579e+00   1.6138443e+00   1.5742704e+00   1.6138443e+00   1.5742704e+00
   7.9067863e+00   1.6532510e+00   1.6115294e+00   1.6532510e+00   1.6115294e+00
   7.9432823e+00   1.6942346e+00   1.6502034e+00   1.6942346e+00   1.6502034e+00
   7.9799469e+00   1.7368892e+00   1.6903710e+00   1.7368892e+00   1.6903710e+00
   8.0167806e+00   1.7813165e+00   1.7321164e+00   1.7813165e+00   1.7321164e+00
   8.0537844e+00   1.8276269e+00   1.7755303e+00   1.8276269e+00   1.7755303e+00
   8.0909590e+00   1.8759396e+00   1.8207099e+00   1.8759396e+00   1.8207099e+00
   8.1283052e+00   1.9263842e+00   1.8677602e+00   1.9263842e+00   1.8677602e+00
   8.1658237e+00   1.9791019e+00   1.9167943e+00   1.9791019e+00   1.9167943e+00
   8.2035154e+00   2.0342461e+00   1.9679340e+00   2.0342461e+00   1.9679340e+00
   8.2413812e+00   2.0919845e+00   2.0213113e+00   2.0919845e+00   2.0213113e+00
   8.2794216e+00   2.1525003e+00   2.0770687e+00   2.1525003e+00   2.0770687e+00
   8.3176377e+00   2.2159943e+00   2.1353606e+00   2.2159943e+00   2.1353606e+00
   8.3560302e+00   2.2826869e+00   2.1963545e+00   2.2826869e+00   2.1963545e+00
   8.3945999e+00   2.3528206e+00   2.2602322e+00   2.3528206e+00   2.2602322e+00
   8.4333476e+00   2.4266626e+00   2.3271912e+00   2.4266626e+00   2.3271912e+00
   8.4722741e+00   2.5045084e+00   2.3974465e+00   2.5045084e+00   2.3974465e+00
   8.5113804e+00   2.5866851e+00   2.4712324e+00   2.5866851e+00   2.4712324e+00
   8.5506671e+00   2.6735560e+00   2.5488044e+00   2.6735560e+00   2.5488044e+00
   8.5901352e+00   2.7655258e+00   2.6304416e+00   2.7655258e+00   2.6304416e+00
   8.6297855e+00   2.8630461e+00   2.7164487e+00   2.8630461e+00   2.7164487e+00
   8.6696188e+00   2.9666226e+00   2.8071597e+00   2.9666226e+00   2.8071597e+00
   8.7096359e+00   3.0768233e+00   2.9029397e+00   3.0768233e+00   2.9029397e+00
   8.7498378e+00   3.1942880e+00   3.0041894e+00   3.1942880e+00   3.0041894e+00
   8.7902252e+00   3.3197401e+00   3.1113476e+00   3.3197401e+00   3.1113476e+00
   8.8307990e+00   3.4539999e+00   3.2248959e+00   3.4539999e+00   3.2248959e+00
   8.8715601e+00   3.5980013e+00   3.3453624e+00   3.5980013e+00   3.3453624e+00
   8.9125094e+00   3.7528115e+00   3.4733258e+00   3.7528115e+00   3.4733258e+00
   8.9536477e+00   3.9196547e+00   3.6094202e+00   3.9196547e+00   3.6094202e+00
   8.9949758e+00   4.0999412e+00   3.7543386e+00   4.0999412e+00   3.7543386e+00
   9.0364947e+00   4.2953025e+00   3.9088369e+00   4.2953025e+00   3.9088369e+00
   9.0782053e+00   4.5076344e+00   4.0737363e+00   4.5076344e+00   4.0737363e+00
   9.1201084e+00   4.7391502e+00   4.2499241e+00   4.7391502e+00   4.2499241e+00
   9.1622049e+00   4.9924453e+00   4.4383519e+00   4.9924453e+00   4.4383519e+00
   9.2044957e+00   5.2705782e+00   4.6400291e+00   5.2705782e+00   4.6400291e+00
   9.2469817e+00   5.5771689e+00   4.8560095e+00   5.5771689e+00   4.8560095e+00
   9.2896639e+00   5.9165216e+00   5.0873691e+00   5.9165216e+00   5.0873691e+00
   9.3325430e+00   6.2937738e+00   5.3351689e+00   6.2937738e+00   5.3351689e+00
   9.3756201e+00   6.7150764e+00   5.6003975e+00   6.7150764e+00   5.6003975e+00
   9.4188960e+00   7.1878063e+00   5.8838868e+00   7.1878063e+00   5.8838868e+00
   9.4623716e+00   7.7208045e+00   6.1861892e+00   7.7208045e+00   6.1861892e+00
   9.5060479e+00   8.3246168e+00   6.5074063e+00   8.3246168e+00   6.5074063e+00
   9.5499259e+00   9.0116778e+00   6.8469567e+00   9.0116778e+00   6.8469567e+00
   9.5940063e+00   9.7963024e+00   7.2032735e+00   9.7963024e+00   7.2032735e+00
   9.6382902e+00   1.0694195e+01   7.5734320e+00   1.0694195e+01   7.5734320e+00
   9.6827786e+00   1.1720896e+01   7.9527254e+00   1.1720896e+01   7.9527254e+00
   9.7274722e+00   1.2888067e+01   8.3342415e+00   1.2888067e+01   8.3342415e+00
   9.7723722e+00   1.4195761e+01   8.7085411e+00   1.4195761e+01   8.7085411e+00
   9.8174794e+00   1.5618243e+01   9.0635969e+00   1.5618243e+01   9.0635969e+00
   9.8627949e+00   1.7082274e+01   9.3851884e+00   1.7082274e+01   9.3851884e+00
   9.9083194e+00   1.8444469e+01   9.6579265e+00   1.8444469e+01   9.6579265e+00
   9.9540542e+00   1.9491680e+01   9.8669388e+00   1.9491680e+01   9.8669388e+00
   1.0000000e+01   2.0000000e+01   1.0000000e+01   2.0000000e+01   1.0000000e+01
   1.0046158e+01   1.9848057e+01   1.0049600e+01   1.9848057e+01   1.0049600e+01
   1.0092529e+01   1.9094577e+01   1.0014317e+01   1.9094577e+01   1.0014317e+01
   1.0139114e+01   1.7936515e+01   9.8990081e+00   1.7936515e+01   9.8990081e+00
   1.0185914e+01   1.6595926e+01   9.7137735e+00   1.6595926e+01   9.7137735e+00
   1.0232930e+01   1.5239769e+01   9.4720689e+00   1.5239769e+01   9.4720689e+00
   1.0280163e+01   1.3963356e+01   9.1885957e+00   1.3963356e+01   9.1885957e+00
   1.0327614e+01   1.2807826e+01   8.8775056e+00   1.2807826e+01   8.8775056e+00
   1.0375284e+01   1.1782478e+01   8.5512075e+00   1.1782478e+01   8.5512075e+00
   1.0423174e+01   1.0880923e+01   8.2197981e+00   1.0880923e+01   8.2197981e+00
   1.0471285e+01   1.0090462e+01   7.8909788e+00   1.0090462e+01   7.8909788e+00
   1.0519619e+01   9.3968696e+00   7.5702748e+00   9.3968696e+00   7.5702748e+00
   1.0568175e+01   8.7865703e+00   7.2613939e+00   8.7865703e+00   7.2613939e+00
   1.0616956e+01   8.2474738e+00   6.9666160e+00   8.2474738e+00   6.9666160e+00
   1.0665961e+01   7.7691722e+00   6.6871522e+00   7.7691722e+00   6.6871522e+00
   1.0715193e+01   7.3428566e+00   6.4234448e+00   7.3428566e+00   6.4234448e+00
   1.0764652e+01   6.9611307e+00   6.1754051e+00   6.9611307e+00   6.1754051e+00
   1.0814340e+01   6.6178010e+00   5.9425933e+00   6.6178010e+00   5.9425933e+00
   1.0864256e+01   6.3076798e+00   5.7243502e+00   6.3076798e+00   5.7243502e+00
   1.0914403e+01   6.0264119e+00   5.5198914e+00   6.0264119e+00   5.5198914e+00
   1.0964782e+01   5.7703293e+00   5.3283728e+00   5.7703293e+00   5.3283728e+00
   1.1015393e+01   5.5363304e+00   5.1489347e+00   5.5363304e+00   5.1489347e+00
   1.1066238e+01   5.3217813e+00   4.9807311e+00   5.3217813e+00   4.9807311e+00
   1.1117317e+01   5.1244354e+00   4.8229477e+00   5.1244354e+00   4.8229477e+00
   1.1168632e+01   4.9423676e+00   4.6748132e+00   4.9423676e+00   4.6748132e+00
   1.1220185e+01   4.7739214e+00   4.5356046e+00   4.7739214e+00   4.5356046e+00
   1.1271975e+01   4.6176646e+00   4.4046493e+00   4.6176646e+00   4.4046493e+00
   1.1324004e+01   4.4723543e+00   4.2813252e+00   4.4723543e+00   4.2813252e+00
   1.1376273e+01   4.3369072e+00   4.1650592e+00   4.3369072e+00   4.1650592e+00
   1.1428783e+01   4.2103753e+00   4.0553244e+00   4.2103753e+00   4.0553244e+00
   1.1481536e+01   4.0919261e+00   3.9516375e+00   4.0919261e+00   3.9516375e+00
   1.1534533e+01   3.9808258e+00   3.8535558e+00   3.9808258e+00   3.8535558e+00
   1.1587774e+01   3.8764253e+00   3.7606737e+00   3.8764253e+00   3.7606737e+00
   1.1641260e+01   3.7781486e+00   3.6726200e+00   3.7781486e+00   3.6726200e+00
   1.1694994e+01   3.6854830e+00   3.5890546e+00   3.6854830e+00   3.5890546e+00
   1.1748976e+01   3.5979707e+00   3.5096662e+00   3.5979707e+00   3.5096662e+00
   1.1803206e+01   3.5152016e+00   3.4341690e+00   3.5152016e+00   3.4341690e+00
   1.1857687e+01   3.4368077e+00   3.3623014e+00   3.4368077e+00   3.3623014e+00
   1.1912420e+01   3.3624576e+00   3.2938229e+00   3.3624576e+00   3.2938229e+00
   1.1967405e+01   3.2918521e+00   3.2285126e+00   3.2918521e+00   3.2285126e+00
   1.2022644e+01   3.2247207e+00   3.1661673e+00   3.2247207e+00   3.1661673e+00
   1.2078138e+01   3.1608178e+00   3.1066000e+00   3.1608178e+00   3.1066000e+00
   1.2133889e+01   3.0999206e+00   3.0496383e+00   3.0999206e+00   3.0496383e+00
   1.2189896e+01   3.0418258e+00   2.9951231e+00   3.0418258e+00   2.9951231e+00
   1.2246162e+01   2.9863481e+00   2.9429076e+00   2.9863481e+00   2.9429076e+00
   1.2302688e+01   2.9333180e+00   2.8928558e+00   2.9333180e+00   2.8928558e+00
   1.2359474e+01   2.8825801e+00   2.8448419e+00   2.8825801e+00   2.8448419e+00
   1.2416523e+01   2.8339920e+00   2.7987495e+00   2.8339920e+00   2.7987495e+00
   1.2473835e+01   2.7874226e+00   2.7544704e+00   2.7874226e+00   2.7544704e+00
   1.2531412e+01   2.7427513e+00   2.7119041e+00   2.7427513e+00   2.7119041e+00
   1.2589254e+01   2.6998668e+00   2.6709574e+00   2.6998668e+00   2.6709574e+00
   1.2647363e+01   2.6586662e+00   2.6315432e+00   2.6586662e+00   2.6315432e+00
   1.2705741e+01   2.6190545e+00   2.5935807e+00   2.6190545e+00   2.5935807e+00
   1.2764388e+01   2.5809434e+00   2.5569943e+00   2.5809434e+00   2.5569943e+00
   1.2823306e+01   2.5442513e+00   2.5217136e+00   2.5442513e+00   2.5217136e+00
   1.2882496e+01   2.5089022e+00   2.4876725e+00   2.5089022e+00   2.4876725e+00
   1.2941958e+01   2.4748254e+00   2.4548096e+00   2.4748254e+00   2.4548096e+00
   1.3001696e+01   2.4419550e+00   2.4230672e+00   2.4419550e+00   2.4230672e+00
   1.3061709e+01   2.4102298e+00   2.3923911e+00   2.4102298e+00   2.3923911e+00
   1.3121999e+01   2.3795924e+00   2.3627306e+00   2.3795924e+00   2.3627306e+00
   1.3182567e+01   2.3499892e+00   2.3340381e+00   2.3499892e+00   2.3340381e+00
   1.3243415e+01   2.3213701e+00   2.3062690e+00   2.3213701e+00   2.3062690e+00
   1.3304544e+01   2.2936883e+00   2.2793810e+00   2.2936883e+00   2.2793810e+00
   1.3365955e+01   2.2668995e+00   2.2533347e+00   2.2668995e+00   2.2533347e+00
   1.3427650e+01   2.2409627e+00   2.2280926e+00   2.2409627e+00   2.2280926e+00
   1.3489629e+01   2.2158388e+00   2.2036196e+00   2.2158388e+00   2.2036196e+00
   1.3551894e+01   2.1914914e+00   2.1798826e+00   2.1914914e+00   2.1798826e+00
   1.3614447e+01   2.1678862e+00   2.1568502e+00   2.1678862e+00   2.1568502e+00
   1.3677288e+01   2.1449908e+00   2.1344927e+00   2.1449908e+00   2.1344927e+00
   1.3740420e+01   2.1227747e+00   2.1127823e+00   2.1227747e+00   2.1127823e+00
   1.3803843e+01   2.1012090e+00   2.0916924e+00   2.1012090e+00   2.0916924e+00
   1.3867558e+01   2.0802665e+00   2.0711979e+00   2.0802665e+00   2.0711979e+00
   1.3931568e+01   2.0599216e+00   2.0512750e+00   2.0599216e+00   2.0512750e+00
   1.3995873e+01   2.0401499e+00   2.0319013e+00   2.0401499e+00   2.0319013e+00
   1.4060475e+01   2.0209283e+00   2.0130553e+00   2.0209283e+00   2.0130553e+00
   1.4125375e+01   2.0022352e+00   1.9947168e+00   2.0022352e+00   1.9947168e+00
   1.4190575e+01   1.9840497e+00   1.9768663e+00   1.9840497e+00   1.9768663e+00
   1.4256076e+01   1.9663522e+00   1.9594857e+00   1.9663522e+00   1.9594857e+00
   1.4321879e+01   1.9491242e+00   1.9425575e+00   1.9491242e+00   1.9425575e+00
   1.4387986e+01   1.9323480e+00   1.9260650e+00   1.9323480e+00   1.9260650e+00
   1.4454398e+01   1.9160066e+00   1.9099925e+00   1.9160066e+00   1.9099925e+00
   1.4521116e+01   1.9000842e+00   1.8943249e+00   1.9000842e+00   1.8943249e+00
   1.4588143e+01   1.8845655e+00   1.8790479e+00   1.8845655e+00   1.8790479e+00
   1.4655478e+01   1.8694360e+00   1.8641477e+00   1.8694360e+00   1.8641477e+00
   1.4723125e+01   1.8546819e+00   1.8496113e+00   1.8546819e+00   1.8496113e+00
   1.4791084e+01   1.8402899e+00   1.8354262e+00   1.8402899e+00   1.8354262e+00
   1.4859356e+01   1.8262477e+00   1.8215806e+00   1.8262477e+00   1.8215806e+00
   1.4927944e+01   1.8125430e+00   1.8080630e+00   1.8125430e+00   1.8080630e+00
   1.4996848e+01   1.7991646e+00   1.7948624e+00   1.7991646e+00   1.7948624e+00
   1.5066071e+01   1.7861014e+00   1.7819686e+00   1.7861014e+00   1.7819686e+00
   1.5135612e+01   1.7733430e+00   1.7693715e+00   1.7733430e+00   1.7693715e+00
   1.5205475e+01   1.7608794e+00   1.7570616e+00   1.7608794e+00   1.7570616e+00
   1.5275661e+01   1.7487010e+00   1.7450297e+00   1.7487010e+00   1.7450297e+00
   1.5346170e+01   1.7367986e+00   1.7332671e+00   1.7367986e+00   1.7332671e+00
   1.5417005e+01   1.7251635e+00   1.7217654e+00   1.7251635e+00   1.7217654e+00
   1.5488166e+01   1.7137872e+00   1.7105164e+00   1.7137872e+00   1.7105164e+00
   1.5559656e+01   1.7026617e+00   1.6995125e+00   1.7026617e+00   1.6995125e+00
   1.5631476e+01   1.6917793e+00   1.6887462e+00   1.6917793e+00   1.6887462e+00
   1.5703628e+01   1.6811325e+00   1.6782103e+00   1.6811325e+00   1.6782103e+00
   1.5776113e+01   1.6707142e+00   1.6678981e+00   1.6707142e+00   1.6678981e+00
   1.5848932e+01   1.6605175e+00   1.6578030e+00   1.6605175e+00   1.6578030e+00
   1.5922087e+01   1.6505360e+00   1.6479186e+00   1.6505360e+00   1.6479186e+00
   1.5995580e+01   1.6407632e+00   1.6382387e+00   1.6407632e+00   1.6382387e+00
   1.6069413e+01   1.6311931e+00   1.6287576e+00   1.6311931e+00   1.6287576e+00
   1.6143586e+01   1.6218198e+00   1.6194697e+00   1.6218198e+00   1.6194697e+00
   1.6218101e+01   1.6126378e+00   1.6103694e+00   1.6126378e+00   1.6103694e+00
   1.6292960e+01   1.6036416e+00   1.6014515e+00   1.6036416e+00   1.6014515e+00
   1.6368165e+01   1.5948260e+00   1.5927111e+00   1.5948260e+00   1.5927111e+00
   1.6443717e+01   1.5861861e+00   1.5841431e+00   1.5861861e+00   1.5841431e+00
   1.6519618e+01   1.5777168e+00   1.5757430e+00   1.5777168e+00   1.5757430e+00
   1.6595869e+01   1.5694137e+00   1.5675063e+00   1.5694137e+00   1.5675063e+00
   1.6672472e+01   1.5612722e+00   1.5594285e+00   1.5612722e+00   1.5594285e+00
   1.6749429e+01   1.5532880e+00   1.5515055e+00   1.5532880e+00   1.5515055e+00
   1.6826741e+01   1.5454569e+00   1.5437331e+00   1.5454569e+00   1.5437331e+00
   1.6904409e+01   1.5377748e+00   1.5361075e+00   1.5377748e+00   1.5361075e+00
   1.6982437e+01   1.5302379e+00   1.5286250e+00   1.5302379e+00   1.5286250e+00
   1.7060824e+01   1.5228424e+00   1.5212817e+00   1.5228424e+00   1.5212817e+00
   1.7139573e+01   1.5155847e+00   1.5140742e+00   1.5155847e+00   1.5140742e+00
   1.7218686e+01   1.5084612e+00   1.5069990e+00   1.5084612e+00   1.5069990e+00
   1.7298164e+01   1.5014686e+00   1.5000529e+00   1.5014686e+00   1.5000529e+00
   1.7378008e+01   1.4946035e+00   1.4932326e+00   1.4946035e+00   1.4932326e+00
   1.7458222e+01   1.4878629e+00   1.4865351e+00   1.4878629e+00   1.4865351e+00
   1.7538805e+01   1.4812436e+00   1.4799573e+00   1.4812436e+00   1.4799573e+00
   1.7619760e+01   1.4747427e+00   1.4734963e+00   1.4747427e+00   1.4734963e+00
   1.7701090e+01   1.4683572e+00   1.4671494e+00   1.4683572e+00   1.4671494e+00
   1.7782794e+01   1.4620845e+00   1.4609138e+00   1.4620845e+00   1.4609138e+00
   1.7864876e+01   1.4559217e+00   1.4547869e+00   1.4559217e+00   1.4547869e+00
   1.7947336e+01   1.4498664e+00   1.4487660e+00   1.4498664e+00   1.4487660e+00
   1.8030177e+01   1.4439159e+00   1.4428488e+00   1.4439159e+00   1.4428488e+00
   1.8113401e+01   1.4380678e+00   1.4370329e+00   1.4380678e+00   1.4370329e+00
   1.8197009e+01   1.4323197e+00   1.4313158e+00   1.4323197e+00   1.4313158e+00
   1.8281002e+01   1.4266694e+00   1.4256954e+00   1.4266694e+00   1.4256954e+00
   1.8365383e+01   1.4211146e+00   1.4201695e+00   1.4211146e+00   1.4201695e+00
   1.8450154e+01   1.4156531e+00   1.4147358e+00   1.4156531e+00   1.4147358e+00
   1.8535316e+01   1.4102828e+00   1.4093925e+00   1.4102828e+00   1.4093925e+00
   1.8620871e+01   1.4050016e+00   1.4041373e+00   1.4050016e+00   1.4041373e+00
   1.8706821e+01   1.3998077e+00   1.3989685e+00   1.3998077e+00   1.3989685e+00
   1.8793168e+01   1.3946990e+00   1.3938841e+00   1.3946990e+00   1.3938841e+00
   1.8879913e+01   1.3896737e+00   1.3888823e+00   1.3896737e+00   1.3888823e+00
   1.8967059e+01   1.3847300e+00   1.3839613e+00   1.3847300e+00   1.3839613e+00
   1.9054607e+01   1.3798661e+00   1.3791194e+00   1.3798661e+00   1.3791194e+00
   1.9142559e+01   1.3750803e+00   1.3743548e+00   1.3750803e+00   1.3743548e+00
   1.9230917e+01   1.3703710e+00   1.3696659e+00   1.3703710e+00   1.3696659e+00
   1.9319683e+01   1.3657364e+00   1.3650512e+00   1.3657364e+00   1.3650512e+00
   1.9408859e+01   1.3611751e+00   1.3605091e+00   1.3611751e+00   1.3605091e+00
   1.9498446e+01   1.3566854e+00   1.3560381e+00   1.3566854e+00   1.3560381e+00
   1.9588447e+01   1.3522660e+00   1.3516366e+00   1.3522660e+00   1.3516366e+00
   1.9678863e+01   1.3479154e+00   1.3473034e+00   1.3479154e+00   1.3473034e+00
   1.9769696e+01   1.3436321e+00   1.3430370e+00   1.3436321e+00   1.3430370e+00
   1.9860949e+01   1.3394147e+00   1.3388360e+00   1.3394147e+00   1.3388360e+00
   1.9952623e+01   1.3352620e+00   1.3346991e+00   1.3352620e+00   1.3346991e+00
   2.0044720e+01   1.3311727e+00   1.3306251e+00   1.3311727e+00   1.3306251e+00
   2.0137242e+01   1.3271454e+00   1.3266126e+00   1.3271454e+00   1.3266126e+00
   2.0230192e+01   1.3231789e+00   1.3226605e+00   1.3231789e+00   1.3226605e+00
   2.0323570e+01   1.3192721e+00   1.3187677e+00   1.3192721e+00   1.3187677e+00
   2.0417379e+01   1.3154237e+00   1.3149328e+00   1.3154237e+00   1.3149328e+00
   2.0511622e+01   1.3116326e+00   1.3111548e+00   1.3116326e+00   1.3111548e+00
   2.0606299e+01   1.3078978e+00   1.3074327e+00   1.3078978e+00   1.3074327e+00
   2.0701413e+01   1.3042180e+00   1.3037653e+00   1.3042180e+00   1.3037653e+00
   2.0796967e+01   1.3005923e+00   1.3001515e+00   1.3005923e+00   1.3001515e+00
   2.0892961e+01   1.2970197e+00   1.2965905e+00   1.2970197e+00   1.2965905e+00
   2.0989399e+01   1.2934990e+00   1.2930811e+00   1.2934990e+00   1.2930811e+00
   2.1086281e+01   1.2900294e+00   1.2896224e+00   1.2900294e+00   1.2896224e+00
   2.1183611e+01   1.2866099e+00   1.2862135e+00   1.2866099e+00   1.2862135e+00
   2.1281390e+01   1.2832395e+00   1.2828534e+00   1.2832395e+00   1.2828534e+00
   2.1379621e+01   1.2799174e+00   1.2795412e+00   1.2799174e+00   1.2795412e+00
   2.1478305e+01   1.2766426e+00   1.2762761e+00   1.2766426e+00   1.2762761e+00
   2.1577444e+01   1.2734143e+00   1.2730572e+00   1.2734143e+00   1.2730572e+00
   2.1677041e+01   1.2702316e+00   1.2698837e+00   1.2702316e+00   1.2698837e+00
   2.1777098e+01   1.2670937e+00   1.2667546e+00   1.2670937e+00   1.2667546e+00
   2.1877616e+01   1.2639998e+00   1.2636694e+00   1.2639998e+00   1.2636694e+00
   2.1978599e+01   1.2609491e+00   1.2606270e+00   1.2609491e+00   1.2606270e+00
   2.2080047e+01   1.2579408e+00   1.2576269e+00   1.2579408e+00   1.2576269e+00
   2.2181964e+01   1.2549743e+00   1.2546682e+00   1.2549743e+00   1.2546682e+00
   2.2284351e+01   1.2520486e+00   1.2517502e+00   1.2520486e+00   1.2517502e+00
   2.2387211e+01   1.2491632e+00   1.2488723e+00   1.2491632e+00   1.2488723e+00
   2.2490546e+01   1.2463172e+00   1.2460336e+00   1.2463172e+00   1.2460336e+00
   2.2594358e+01   1.2435102e+00   1.2432336e+00   1.2435102e+00   1.2432336e+00
   2.2698649e+01   1.2407412e+00   1.2404715e+00   1.2407412e+00   1.2404715e+00
   2.2803421e+01   1.2380098e+00   1.2377467e+00   1.2380098e+00   1.2377467e+00
   2.2908677e+01   1.2353152e+00   1.2350586e+00   1.2353152e+00   1.2350586e+00
   2.3014418e+01   1.2326568e+00   1.2324066e+00   1.2326568e+00   1.2324066e+00
   2.3120648e+01   1.2300341e+00   1.2297899e+00   1.2300341e+00   1.2297899e+00
   2.3227368e+01   1.2274464e+00   1.2272082e+00   1.2274464e+00   1.2272082e+00
   2.3334581e+01   1.2248930e+00   1.2246607e+00   1.2248930e+00   1.2246607e+00
   2.3442288e+01   1.2223736e+00   1.2221468e+00   1.2223736e+00   1.2221468e+00
   2.3550493e+01   1.2198874e+00   1.2196661e+00   1.2198874e+00   1.2196661e+00
   2.3659197e+01   1.2174339e+00   1.2172180e+00   1.2174339e+00   1.2172180e+00
   2.3768403e+01   1.2150127e+00   1.2148020e+00   1.2150127e+00   1.2148020e+00
   2.3878113e+01   1.2126230e+00   1.2124174e+00   1.2126230e+00   1.2124174e+00
   2.3988329e+01   1.2102646e+00   1.2100639e+00   1.2102646e+00   1.2100639e+00
   2.4099054e+01   1.2079368e+00   1.2077408e+00   1.2079368e+00   1.2077408e+00
   2.4210290e+01   1.2056391e+00   1.2054478e+00   1.2056391e+00   1.2054478e+00
   2.4322040e+01   1.2033710e+00   1.2031843e+00   1.2033710e+00   1.2031843e+00
   2.4434306e+01   1.2011322e+00   1.2009499e+00   1.2011322e+00   1.2009499e+00
   2.4547089e+01   1.1989220e+00   1.1987441e+00   1.1989220e+00   1.1987441e+00
   2.4660393e+01   1.1967402e+00   1.1965664e+00   1.1967402e+00   1.1965664e+00
   2.4774221e+01   1.1945861e+00   1.1944164e+00   1.1945861e+00   1.1944164e+00
   2.4888573e+01   1.1924594e+00   1.1922937e+00   1.1924594e+00   1.1922937e+00
   2.5003454e+01   1.1903596e+00   1.1901978e+00   1.1903596e+00   1.1901978e+00
   2.5118864e+01   1.1882864e+00   1.1881283e+00   1.1882864e+00   1.1881283e+00
   2.5234808e+01   1.1862392e+00   1.1860849e+00   1.1862392e+00   1.1860849e+00
   2.5351286e+01   1.1842178e+00   1.1840670e+00   1.1842178e+00   1.1840670e+00
   2.5468303e+01   1.1822216e+00   1.1820744e+00   1.1822216e+00   1.1820744e+00
   2.5585859e+01   1.1802504e+00   1.1801066e+00   1.1802504e+00   1.1801066e+00
   2.5703958e+01   1.1783037e+00   1.1781632e+00   1.1783037e+00   1.1781632e+00
   2.5822602e+01   1.1763812e+00   1.1762439e+00   1.1763812e+00   1.1762439e+00
   2.5941794e+01   1.1744825e+00   1.1743483e+00   1.1744825e+00   1.1743483e+00
   2.6061535e+01   1.1726072e+00   1.1724761e+00   1.1726072e+00   1.1724761e+00
   2.6181830e+01   1.1707549e+00   1.1706269e+00   1.1707549e+00   1.1706269e+00
   2.6302680e+01   1.1689254e+00   1.1688003e+00   1.1689254e+00   1.1688003e+00
   2.6424088e+01   1.1671184e+00   1.1669961e+00   1.1671184e+00   1.1669961e+00
   2.6546056e+01   1.1653333e+00   1.1652138e+00   1.1653333e+00   1.1652138e+00
   2.6668587e+01   1.1635700e+00   1.1634532e+00   1.1635700e+00   1.1634532e+00
   2.6791683e+01   1.1618281e+00   1.1617140e+00   1.1618281e+00   1.1617140e+00
   2.6915348e+01   1.1601073e+00   1.1599958e+00   1.1601073e+00   1.1599958e+00
   2.7039584e+01   1.1584073e+00   1.1582983e+00   1.1584073e+00   1.1582983e+00
   2.7164393e+01   1.1567278e+00   1.1566212e+00   1.1567278e+00   1.1566212e+00
   2.7289778e+01   1.1550685e+00   1.1549643e+00   1.1550685e+00   1.1549643e+00
   2.7415742e+01   1.1534290e+00   1.1533272e+00   1.1534290e+00   1.1533272e+00
   2.7542287e+01   1.1518092e+00   1.1517096e+00   1.1518092e+00   1.1517096e+00
   2.7669416e+01   1.1502087e+00   1.1501114e+00   1.1502087e+00   1.1501114e+00
   2.7797133e+01   1.1486272e+00   1.1485321e+00   1.1486272e+00   1.1485321e+00
   2.7925438e+01   1.1470645e+00   1.1469715e+00   1.1470645e+00   1.1469715e+00
   2.8054336e+01   1.1455204e+00   1.1454294e+00   1.1455204e+00   1.1454294e+00
   2.8183829e+01   1.1439944e+00   1.1439055e+00   1.1439944e+00   1.1439055e+00
   2.8313920e+01   1.1424865e+00   1.1423995e+00   1.1424865e+00   1.1423995e+00
   2.8444611e+01   1.1409963e+00   1.1409112e+00   1.1409963e+00   1.1409112e+00
   2.8575905e+01   1.1395236e+00   1.1394404e+00   1.1395236e+00   1.1394404e+00
   2.8707806e+01   1.1380681e+00   1.1379867e+00   1.1380681e+00   1.1379867e+00
   2.8840315e+01   1.1366296e+00   1.1365500e+00   1.1366296e+00   1.1365500e+00
   2.8973436e+01   1.1352079e+00   1.1351300e+00   1.1352079e+00   1.1351300e+00
   2.9107171e+01   1.1338027e+00   1.1337265e+00   1.1338027e+00   1.1337265e+00
   2.9241524e+01   1.1324138e+00   1.1323393e+00   1.1324138e+00   1.1323393e+00
   2.9376497e+01   1.1310410e+00   1.1309681e+00   1.1310410e+00   1.1309681e+00
   2.9512092e+01   1.1296841e+00   1.1296128e+00   1.1296841e+00   1.1296128e+00
   2.9648314e+01   1.1283428e+00   1.1282730e+00   1.1283428e+00   1.1282730e+00
   2.9785164e+01   1.1270169e+00   1.1269487e+00   1.1270169e+00   1.1269487e+00
   2.9922646e+01   1.1257062e+00   1.1256395e+00   1.1257062e+00   1.1256395e+00
   3.0060763e+01   1.1244106e+00   1.1243453e+00   1.1244106e+00   1.1243453e+00
   3.0199517e+01   1.1231298e+00   1.1230659e+00   1.1231298e+00   1.1230659e+00
   3.0338912e+01   1.1218636e+00   1.1218011e+00   1.1218636e+00   1.1218011e+00
   3.0478950e+01   1.1206118e+00   1.1205506e+00   1.1206118e+00   1.1205506e+00
   3.0619634e+01   1.1193742e+00   1.1193144e+00   1.1193742e+00   1.1193144e+00
   3.0760968e+01   1.1181507e+00   1.1180921e+00   1.1181507e+00   1.1180921e+00
   3.0902954e+01   1.1169410e+00   1.1168837e+00   1.1169410e+00   1.1168837e+00
   3.1045596e+01   1.1157450e+00   1.1156889e+00   1.1157450e+00   1.1156889e+00
   3.1188896e+01   1.1145624e+00   1.1145076e+00   1.1145624e+00   1.1145076e+00
   3.1332857e+01   1.1133932e+00   1.1133395e+00   1.1133932e+00   1.1133395e+00
   3.1477483e+01   1.1122371e+00   1.1121845e+00   1.1122371e+00   1.1121845e+00
   3.1622777e+01   1.1110940e+00   1.1110425e+00   1.1110940e+00   1.1110425e+00
   3.1768741e+01   1.1099636e+00   1.1099133e+00   1.1099636e+00   1.1099133e+00
   3.1915379e+01   1.1088459e+00   1.1087966e+00   1.1088459e+00   1.1087966e+00
   3.2062693e+01   1.1077407e+00   1.1076924e+00   1.1077407e+00   1.1076924e+00
   3.2210688e+01   1.1066477e+00   1.1066005e+00   1.1066477e+00   1.1066005e+00
   3.2359366e+01   1.1055669e+00   1.1055207e+00   1.1055669e+00   1.1055207e+00
   3.2508730e+01   1.1044981e+00   1.1044528e+00   1.1044981e+00   1.1044528e+00
   3.2658783e+01   1.1034411e+00   1.1033968e+00   1.1034411e+00   1.1033968e+00
   3.2809529e+01   1.1023958e+00   1.1023524e+00   1.1023958e+00   1.1023524e+00
   3.2960971e+01   1.1013620e+00   1.1013195e+00   1.1013620e+00   1.1013195e+00
   3.3113112e+01   1.1003396e+00   1.1002980e+00   1.1003396e+00   1.1002980e+00
   3.3265955e+01   1.0993284e+00   1.0992877e+00   1.0993284e+00   1.0992877e+00
   3.3419504e+01   1.0983284e+00   1.0982885e+00   1.0983284e+00   1.0982885e+00
   3.3573761e+01   1.0973393e+00   1.0973003e+00   1.0973393e+00   1.0973003e+00
   3.3728731e+01   1.0963610e+00   1.0963228e+00   1.0963610e+00   1.0963228e+00
   3.3884416e+01   1.0953934e+00   1.0953560e+00   1.0953934e+00   1.0953560e+00
   3.4040819e+01   1.0944364e+00   1.0943998e+00   1.0944364e+00   1.0943998e+00
   3.4197944e+01   1.0934897e+00   1.0934539e+00   1.0934897e+00   1.0934539e+00
   3.4355795e+01   1.0925534e+00   1.0925183e+00   1.0925534e+00   1.0925183e+00
   3.4514374e+01   1.0916272e+00   1.0915929e+00   1.0916272e+00   1.0915929e+00
   3.4673685e+01   1.0907111e+00   1.0906774e+00   1.0907111e+00   1.0906774e+00
   3.4833732e+01   1.0898049e+00   1.0897719e+00   1.0898049e+00   1.0897719e+00
   3.4994517e+01   1.0889085e+00   1.0888762e+00   1.0889085e+00   1.0888762e+00
   3.5156044e+01   1.0880217e+00   1.0879901e+00   1.0880217e+00   1.0879901e+00
   3.5318317e+01   1.0871445e+00   1.0871135e+00   1.0871445e+00   1.0871135e+00
   3.5481339e+01   1.0862767e+00   1.0862464e+00   1.0862767e+00   1.0862464e+00
   3.5645113e+01   1.0854183e+00   1.0853886e+00   1.0854183e+00   1.0853886e+00
   3.5809644e+01   1.0845690e+00   1.0845399e+00   1.0845690e+00   1.0845399e+00
   3.5974934e+01   1.0837289e+00   1.0837004e+00   1.0837289e+00   1.0837004e+00
   3.6140986e+01   1.0828977e+00   1.0828698e+00   1.0828977e+00   1.0828698e+00
   3.6307805e+01   1.0820754e+00   1.0820481e+00   1.0820754e+00   1.0820481e+00
   3.6475395e+01   1.0812619e+00   1.0812351e+00   1.0812619e+00   1.0812351e+00
   3.6643757e+01   1.0804570e+00   1.0804308e+00   1.0804570e+00   1.0804308e+00
   3.6812897e+01   1.0796607e+00   1.0796350e+00   1.0796607e+00   1.0796350e+00
   3.6982818e+01   1.0788728e+00   1.0788477e+00   1.0788728e+00   1.0788477e+00
   3.7153523e+01   1.0780933e+00   1.0780687e+00   1.0780933e+00   1.0780687e+00
   3.7325016e+01   1.0773221e+00   1.0772979e+00   1.0773221e+00   1.0772979e+00
   3.7497300e+01   1.0765590e+00   1.0765353e+00   1.0765590e+00   1.0765353e+00
   3.7670380e+01   1.0758040e+00   1.0757808e+00   1.0758040e+00   1.0757808e+00
   3.7844258e+01   1.0750569e+00   1.0750342e+00   1.0750569e+00   1.0750342e+00
   3.8018940e+01   1.0743177e+00   1.0742955e+00   1.0743177e+00   1.0742955e+00
   3.8194427e+01   1.0735863e+00   1.0735645e+00   1.0735863e+00   1.0735645e+00
   3.8370725e+01   1.0728626e+00   1.0728412e+00   1.0728626e+00   1.0728412e+00
   3.8547836e+01   1.0721464e+00   1.0721255e+00   1.0721464e+00   1.0721255e+00
   3.8725764e+01   1.0714378e+00   1.0714173e+00   1.0714378e+00   1.0714173e+00
   3.8904514e+01   1.0707366e+00   1.0707165e+00   1.0707366e+00   1.0707165e+00
   3.9084090e+01   1.0700427e+00   1.0700230e+00   1.0700427e+00   1.0700230e+00
   3.9264494e+01   1.0693561e+00   1.0693368e+00   1.0693561e+00   1.0693368e+00
   3.9445730e+01   1.0686766e+00   1.0686577e+00   1.0686766e+00   1.0686577e+00
   3.9627803e+01   1.0680043e+00   1.0679857e+00   1.0680043e+00   1.0679857e+00
   3.9810717e+01   1.0673389e+00   1.0673207e+00   1.0673389e+00   1.0673207e+00
   3.9994475e+01   1.0666804e+00   1.0666626e+00   1.0666804e+00   1.0666626e+00
   4.0179081e+01   1.0660287e+00   1.0660113e+00   1.0660287e+00   1.0660113e+00
   4.0364539e+01   1.0653839e+00   1.0653668e+00   1.0653839e+00   1.0653668e+00
   4.0550854e+01   1.0647457e+00   1.0647289e+00   1.0647457e+00   1.0647289e+00
   4.0738028e+01   1.0641141e+00   1.0640977e+00   1.0641141e+00   1.0640977e+00
   4.0926066e+01   1.0634890e+00   1.0634729e+00   1.0634890e+00   1.0634729e+00
   4.1114972e+01   1.0628704e+00   1.0628546e+00   1.0628704e+00   1.0628546e+00
   4.1304750e+01   1.0622582e+00   1.0622427e+00   1.0622582e+00   1.0622427e+00
   4.1495404e+01   1.0616522e+00   1.0616371e+00   1.0616522e+00   1.0616371e+00
   4.1686938e+01   1.0610525e+00   1.0610377e+00   1.0610525e+00   1.0610377e+00
   4.1879357e+01   1.0604590e+00   1.0604445e+00   1.0604590e+00   1.0604445e+00
   4.2072663e+01   1.0598716e+00   1.0598573e+00   1.0598716e+00   1.0598573e+00
   4.2266861e+01   1.0592902e+00   1.0592762e+00   1.0592902e+00   1.0592762e+00
   4.2461956e+01   1.0587147e+00   1.0587010e+00   1.0587147e+00   1.0587010e+00
   4.2657952e+01   1.0581452e+00   1.0581318e+00   1.0581452e+00   1.0581318e+00
   4.2854852e+01   1.0575814e+00   1.0575683e+00   1.0575814e+00   1.0575683e+00
   4.3052661e+01   1.0570235e+00   1.0570106e+00   1.0570235e+00   1.0570106e+00
   4.3251383e+01   1.0564712e+00   1.0564586e+00   1.0564712e+00   1.0564586e+00
   4.3451022e+01   1.0559246e+00   1.0559122e+00   1.0559246e+00   1.0559122e+00
   4.3651583e+01   1.0553835e+00   1.0553713e+00   1.0553835e+00   1.0553713e+00
   4.3853070e+01   1.0548479e+00   1.0548360e+00   1.0548479e+00   1.0548360e+00
   4.4055486e+01   1.0543178e+00   1.0543061e+00   1.0543178e+00   1.0543061e+00
   4.4258837e+01   1.0537930e+00   1.0537816e+00   1.0537930e+00   1.0537816e+00
   4.4463127e+01   1.0532736e+00   1.0532624e+00   1.0532736e+00   1.0532624e+00
   4.4668359e+01   1.0527595e+00   1.0527485e+00   1.0527595e+00   1.0527485e+00
   4.4874539e+01   1.0522505e+00   1.0522398e+00   1.0522505e+00   1.0522398e+00
   4.5081670e+01   1.0517468e+00   1.0517362e+00   1.0517468e+00   1.0517362e+00
   4.5289758e+01   1.0512481e+00   1.0512377e+00   1.0512481e+00   1.0512377e+00
   4.5498806e+01   1.0507544e+00   1.0507442e+00   1.0507544e+00   1.0507442e+00
   4.5708819e+01   1.0502657e+00   1.0502558e+00   1.0502657e+00   1.0502558e+00
   4.5919801e+01   1.0497820e+00   1.0497722e+00   1.0497820e+00   1.0497722e+00
   4.6131757e+01   1.0493031e+00   1.0492935e+00   1.0493031e+00   1.0492935e+00
   4.6344692e+01   1.0488290e+00   1.0488197e+00   1.0488290e+00   1.0488197e+00
   4.6558609e+01   1.0483598e+00   1.0483506e+00   1.0483598e+00   1.0483506e+00
   4.6773514e+01   1.0478952e+00   1.0478862e+00   1.0478952e+00   1.0478862e+00
   4.6989411e+01   1.0474353e+00   1.0474264e+00   1.0474353e+00   1.0474264e+00
   4.7206304e+01   1.0469800e+00   1.0469713e+00   1.0469800e+00   1.0469713e+00
   4.7424199e+01   1.0465293e+00   1.0465208e+00   1.0465293e+00   1.0465208e+00
   4.7643099e+01   1.0460830e+00   1.0460747e+00   1.0460830e+00   1.0460747e+00
   4.7863009e+01   1.0456413e+00   1.0456331e+00   1.0456413e+00   1.0456331e+00
   4.8083935e+01   1.0452040e+00   1.0451960e+00   1.0452040e+00   1.0451960e+00
   4.8305880e+01   1.0447710e+00   1.0447631e+00   1.0447710e+00   1.0447631e+00
   4.8528850e+01   1.0443424e+00   1.0443347e+00   1.0443424e+00   1.0443347e+00
   4.8752849e+01   1.0439180e+00   1.0439104e+00   1.0439180e+00   1.0439104e+00
   4.8977882e+01   1.0434979e+00   1.0434905e+00   1.0434979e+00   1.0434905e+00
   4.9203954e+01   1.0430819e+00   1.0430747e+00   1.0430819e+00   1.0430747e+00
   4.9431069e+01   1.0426701e+00   1.0426630e+00   1.0426701e+00   1.0426630e+00
   4.9659232e+01   1.0422624e+00   1.0422554e+00   1.0422624e+00   1.0422554e+00
   4.9888449e+01   1.0418587e+00   1.0418519e+00   1.0418587e+00   1.0418519e+00
   5.0118723e+01   1.0414591e+00   1.0414524e+00   1.0414591e+00   1.0414524e+00
   5.0350061e+01   1.0410634e+00   1.0410568e+00   1.0410634e+00   1.0410568e+00
   5.0582466e+01   1.0406716e+00   1.0406652e+00   1.0406716e+00   1.0406652e+00
   5.0815944e+01   1.0402838e+00   1.0402774e+00   1.0402838e+00   1.0402774e+00
   5.1050500e+01   1.0398997e+00   1.0398935e+00   1.0398997e+00   1.0398935e+00
   5.1286138e+01   1.0395195e+00   1.0395134e+00   1.0395195e+00   1.0395134e+00
   5.1522864e+01   1.0391430e+00   1.0391370e+00   1.0391430e+00   1.0391370e+00
   5.1760683e+01   1.0387702e+00   1.0387644e+00   1.0387702e+00   1.0387644e+00
   5.1999600e+01   1.0384012e+00   1.0383954e+00   1.0384012e+00   1.0383954e+00
   5.2239619e+01   1.0380357e+00   1.0380301e+00   1.0380357e+00   1.0380301e+00
   5.2480746e+01   1.0376739e+00   1.0376684e+00   1.0376739e+00   1.0376684e+00
   5.2722986e+01   1.0373156e+00   1.0373102e+00   1.0373156e+00   1.0373102e+00
   5.2966344e+01   1.0369609e+00   1.0369556e+00   1.0369609e+00   1.0369556e+00
   5.3210826e+01   1.0366096e+00   1.0366044e+00   1.0366096e+00   1.0366044e+00
   5.3456436e+01   1.0362618e+00   1.0362567e+00   1.0362618e+00   1.0362567e+00
   5.3703180e+01   1.0359175e+00   1.0359125e+00   1.0359175e+00   1.0359125e+00
   5.3951062e+01   1.0355765e+00   1.0355716e+00   1.0355765e+00   1.0355716e+00
   5.4200089e+01   1.0352388e+00   1.0352340e+00   1.0352388e+00   1.0352340e+00
   5.4450265e+01   1.0349045e+00   1.0348998e+00   1.0349045e+00   1.0348998e+00
   5.4701596e+01   1.0345734e+00   1.0345688e+00   1.0345734e+00   1.0345688e+00
   5.4954087e+01   1.0342456e+00   1.0342411e+00   1.0342456e+00   1.0342411e+00
   5.5207744e+01   1.0339210e+00   1.0339166e+00   1.0339210e+00   1.0339166e+00
   5.5462571e+01   1.0335996e+00   1.0335952e+00   1.0335996e+00   1.0335952e+00
   5.5718575e+01   1.0332813e+00   1.0332770e+00   1.0332813e+00   1.0332770e+00
   5.5975760e+01   1.0329661e+00   1.0329619e+00   1.0329661e+00   1.0329619e+00
   5.6234133e+01   1.0326541e+00   1.0326499e+00   1.0326541e+00   1.0326499e+00
   5.6493697e+01   1.0323450e+00   1.0323410e+00   1.0323450e+00   1.0323410e+00
   5.6754461e+01   1.0320390e+00   1.0320350e+00   1.0320390e+00   1.0320350e+00
   5.7016427e+01   1.0317359e+00   1.0317320e+00   1.0317359e+00   1.0317320e+00
   5.7279603e+01   1.0314358e+00   1.0314320e+00   1.0314358e+00   1.0314320e+00
   5.7543994e+01   1.0311387e+00   1.0311349e+00   1.0311387e+00   1.0311349e+00
   5.7809605e+01   1.0308444e+00   1.0308407e+00   1.0308444e+00   1.0308407e+00
   5.8076442e+01   1.0305530e+00   1.0305494e+00   1.0305530e+00   1.0305494e+00
   5.8344510e+01   1.0302644e+00   1.0302609e+00   1.0302644e+00   1.0302609e+00
   5.8613816e+01   1.0299786e+00   1.0299752e+00   1.0299786e+00   1.0299752e+00
   5.8884366e+01   1.0296956e+00   1.0296922e+00   1.0296956e+00   1.0296922e+00
   5.9156163e+01   1.0294154e+00   1.0294121e+00   1.0294154e+00   1.0294121e+00
   5.9429216e+01   1.0291379e+00   1.0291346e+00   1.0291379e+00   1.0291346e+00
   5.9703529e+01   1.0288630e+00   1.0288598e+00   1.0288630e+00   1.0288598e+00
   5.9979108e+01   1.0285909e+00   1.0285877e+00   1.0285909e+00   1.0285877e+00
   6.0255959e+01   1.0283213e+00   1.0283182e+00   1.0283213e+00   1.0283182e+00
   6.0534087e+01   1.0280544e+00   1.0280514e+00   1.0280544e+00   1.0280514e+00
   6.0813500e+01   1.0277900e+00   1.0277871e+00   1.0277900e+00   1.0277871e+00
   6.1094202e+01   1.0275283e+00   1.0275253e+00   1.0275283e+00   1.0275253e+00
   6.1376201e+01   1.0272690e+00   1.0272661e+00   1.0272690e+00   1.0272661e+00
   6.1659500e+01   1.0270123e+00   1.0270095e+00   1.0270123e+00   1.0270095e+00
   6.1944108e+01   1.0267580e+00   1.0267552e+00   1.0267580e+00   1.0267552e+00
   6.2230029e+01   1.0265062e+00   1.0265035e+00   1.0265062e+00   1.0265035e+00
   6.2517269e+01   1.0262568e+00   1.0262541e+00   1.0262568e+00   1.0262541e+00
   6.2805836e+01   1.0260098e+00   1.0260072e+00   1.0260098e+00   1.0260072e+00
   6.3095734e+01   1.0257652e+00   1.0257627e+00   1.0257652e+00   1.0257627e+00
   6.3386971e+01   1.0255230e+00   1.0255205e+00   1.0255230e+00   1.0255205e+00
   6.3679552e+01   1.0252831e+00   1.0252806e+00   1.0252831e+00   1.0252806e+00
   6.3973484e+01   1.0250455e+00   1.0250431e+00   1.0250455e+00   1.0250431e+00
   6.4268772e+01   1.0248102e+00   1.0248078e+00   1.0248102e+00   1.0248078e+00
   6.4565423e+01   1.0245771e+00   1.0245748e+00   1.0245771e+00   1.0245748e+00
   6.4863443e+01   1.0243463e+00   1.0243441e+00   1.0243463e+00   1.0243441e+00
   6.5162839e+01   1.0241178e+00   1.0241155e+00   1.0241178e+00   1.0241155e+00
   6.5463617e+01   1.0238914e+00   1.0238892e+00   1.0238914e+00   1.0238892e+00
   6.5765784e+01   1.0236671e+00   1.0236650e+00   1.0236671e+00   1.0236650e+00
   6.6069345e+01   1.0234451e+00   1.0234430e+00   1.0234451e+00   1.0234430e+00
   6.6374307e+01   1.0232252e+00   1.0232231e+00   1.0232252e+00   1.0232231e+00
   6.6680677e+01   1.0230073e+00   1.0230053e+00   1.0230073e+00   1.0230053e+00
   6.6988461e+01   1.0227916e+00   1.0227896e+00   1.0227916e+00   1.0227896e+00
   6.7297666e+01   1.0225779e+00   1.0225760e+00   1.0225779e+00   1.0225760e+00
   6.7608298e+01   1.0223663e+00   1.0223644e+00   1.0223663e+00   1.0223644e+00
   6.7920363e+01   1.0221567e+00   1.0221548e+00   1.0221567e+00   1.0221548e+00
   6.8233869e+01   1.0219491e+00   1.0219473e+00   1.0219491e+00   1.0219473e+00
   6.8548823e+01   1.0217435e+00   1.0217417e+00   1.0217435e+00   1.0217417e+00
   6.8865230e+01   1.0215399e+00   1.0215381e+00   1.0215399e+00   1.0215381e+00
   6.9183097e+01   1.0213382e+00   1.0213365e+00   1.0213382e+00   1.0213365e+00
   6.9502432e+01   1.0211385e+00   1.0211367e+00   1.0211385e+00   1.0211367e+00
   6.9823240e+01   1.0209406e+00   1.0209389e+00   1.0209406e+00   1.0209389e+00
   7.0145530e+01   1.0207446e+00   1.0207430e+00   1.0207446e+00   1.0207430e+00
   7.0469307e+01   1.0205505e+00   1.0205489e+00   1.0205505e+00   1.0205489e+00
   7.0794578e+01   1.0203583e+00   1.0203567e+00   1.0203583e+00   1.0203567e+00
   7.1121351e+01   1.0201679e+00   1.0201663e+00   1.0201679e+00   1.0201663e+00
   7.1449633e+01   1.0199793e+00   1.0199778e+00   1.0199793e+00   1.0199778e+00
   7.1779429e+01   1.0197925e+00   1.0197910e+00   1.0197925e+00   1.0197910e+00
   7.2110748e+01   1.0196075e+00   1.0196060e+00   1.0196075e+00   1.0196060e+00
   7.2443596e+01   1.0194243e+00   1.0194228e+00   1.0194243e+00   1.0194228e+00
   7.2777980e+01   1.0192428e+00   1.0192413e+00   1.0192428e+00   1.0192413e+00
   7.3113908e+01   1.0190630e+00   1.0190616e+00   1.0190630e+00   1.0190616e+00
   7.3451387e+01   1.0188849e+00   1.0188835e+00   1.0188849e+00   1.0188835e+00
   7.3790423e+01   1.0187085e+00   1.0187072e+00   1.0187085e+00   1.0187072e+00
   7.4131024e+01   1.0185338e+00   1.0185325e+00   1.0185338e+00   1.0185325e+00
   7.4473197e+01   1.0183608e+00   1.0183595e+00   1.0183608e+00   1.0183595e+00
   7.4816950e+01   1.0181894e+00   1.0181882e+00   1.0181894e+00   1.0181882e+00
   7.5162289e+01   1.0180197e+00   1.0180184e+00   1.0180197e+00   1.0180184e+00
   7.5509223e+01   1.0178515e+00   1.0178503e+00   1.0178515e+00   1.0178503e+00
   7.5857758e+01   1.0176849e+00   1.0176838e+00   1.0176849e+00   1.0176838e+00
   7.6207901e+01   1.0175200e+00   1.0175188e+00   1.0175200e+00   1.0175188e+00
   7.6559661e+01   1.0173566e+00   1.0173554e+00   1.0173566e+00   1.0173554e+00
   7.6913044e+01   1.0171947e+00   1.0171936e+00   1.0171947e+00   1.0171936e+00
   7.7268059e+01   1.0170344e+00   1.0170333e+00   1.0170344e+00   1.0170333e+00
   7.7624712e+01   1.0168756e+00   1.0168745e+00   1.0168756e+00   1.0168745e+00
   7.7983011e+01   1.0167183e+00   1.0167172e+00   1.0167183e+00   1.0167172e+00
   7.8342964e+01   1.0165625e+00   1.0165614e+00   1.0165625e+00   1.0165614e+00
   7.8704579e+01   1.0164081e+00   1.0164071e+00   1.0164081e+00   1.0164071e+00
   7.9067863e+01   1.0162553e+00   1.0162543e+00   1.0162553e+00   1.0162543e+00
   7.9432823e+01   1.0161038e+00   1.0161028e+00   1.0161038e+00   1.0161028e+00
   7.9799469e+01   1.0159538e+00   1.0159529e+00   1.0159538e+00   1.0159529e+00
   8.0167806e+01   1.0158053e+00   1.0158043e+00   1.0158053e+00   1.0158043e+00
   8.0537844e+01   1.0156581e+00   1.0156572e+00   1.0156581e+00   1.0156572e+00
   8.0909590e+01   1.0155123e+00   1.0155114e+00   1.0155123e+00   1.0155114e+00
   8.1283052e+01   1.0153679e+00   1.0153670e+00   1.0153679e+00   1.0153670e+00
   8.1658237e+01   1.0152249e+00   1.0152240e+00   1.0152249e+00   1.0152240e+00
   8.2035154e+01   1.0150832e+00   1.0150823e+00   1.0150832e+00   1.0150823e+00
   8.2413812e+01   1.0149429e+00   1.0149420e+00   1.0149429e+00   1.0149420e+00
   8.2794216e+01   1.0148038e+00   1.0148030e+00   1.0148038e+00   1.0148030e+00
   8.3176377e+01   1.0146661e+00   1.0146653e+00   1.0146661e+00   1.0146653e+00
   8.3560302e+01   1.0145297e+00   1.0145289e+00   1.0145297e+00   1.0145289e+00
   8.3945999e+01   1.0143946e+00   1.0143938e+00   1.0143946e+00   1.0143938e+00
   8.4333476e+01   1.0142607e+00   1.0142600e+00   1.0142607e+00   1.0142600e+00
   8.4722741e+01   1.0141281e+00   1.0141274e+00   1.0141281e+00   1.0141274e+00
   8.5113804e+01   1.0139968e+00   1.0139961e+00   1.0139968e+00   1.0139961e+00
   8.5506671e+01   1.0138667e+00   1.0138660e+00   1.0138667e+00   1.0138660e+00
   8.5901352e+01   1.0137378e+00   1.0137371e+00   1.0137378e+00   1.0137371e+00
   8.6297855e+01   1.0136102e+00   1.0136095e+00   1.0136102e+00   1.0136095e+00
   8.6696188e+01   1.0134837e+00   1.0134830e+00   1.0134837e+00   1.0134830e+00
   8.7096359e+01   1.0133584e+00   1.0133578e+00   1.0133584e+00   1.0133578e+00
   8.7498378e+01   1.0132344e+00   1.0132337e+00   1.0132344e+00   1.0132337e+00
   8.7902252e+01   1.0131114e+00   1.0131108e+00   1.0131114e+00   1.0131108e+00
   8.8307990e+01   1.0129897e+00   1.0129890e+00   1.0129897e+00   1.0129890e+00
   8.8715601e+01   1.0128690e+00   1.0128684e+00   1.0128690e+00   1.0128684e+00
   8.9125094e+01   1.0127496e+00   1.0127489e+00   1.0127496e+00   1.0127489e+00
   8.9536477e+01   1.0126312e+00   1.0126306e+00   1.0126312e+00   1.0126306e+00
   8.9949758e+01   1.0125139e+00   1.0125133e+00   1.0125139e+00   1.0125133e+00
   9.0364947e+01   1.0123978e+00   1.0123972e+00   1.0123978e+00   1.0123972e+00
   9.0782053e+01   1.0122827e+00   1.0122822e+00   1.0122827e+00   1.0122822e+00
   9.1201084e+01   1.0121688e+00   1.0121682e+00   1.0121688e+00   1.0121682e+00
   9.1622049e+01   1.0120559e+00   1.0120553e+00   1.0120559e+00   1.0120553e+00
   9.2044957e+01   1.0119440e+00   1.0119435e+00   1.0119440e+00   1.0119435e+00
   9.2469817e+01   1.0118332e+00   1.0118327e+00   1.0118332e+00   1.0118327e+00
   9.2896639e+01   1.0117235e+00   1.0117229e+00   1.0117235e+00   1.0117229e+00
   9.3325430e+01   1.0116147e+00   1.0116142e+00   1.0116147e+00   1.0116142e+00
   9.3756201e+01   1.0115070e+00   1.0115065e+00   1.0115070e+00   1.0115065e+00
   9.4188960e+01   1.0114003e+00   1.0113998e+00   1.0114003e+00   1.0113998e+00
   9.4623716e+01   1.0112946e+00   1.0112941e+00   1.0112946e+00   1.0112941e+00
   9.5060479e+01   1.0111899e+00   1.0111894e+00   1.0111899e+00   1.0111894e+00
   9.5499259e+01   1.0110862e+00   1.0110857e+00   1.0110862e+00   1.0110857e+00
   9.5940063e+01   1.0109834e+00   1.0109830e+00   1.0109834e+00   1.0109830e+00
   9.6382902e+01   1.0108816e+00   1.0108812e+00   1.0108816e+00   1.0108812e+00
   9.6827786e+01   1.0107808e+00   1.0107804e+00   1.0107808e+00   1.0107804e+00
   9.7274722e+01   1.0106809e+00   1.0106805e+00   1.0106809e+00   1.0106805e+00
   9.7723722e+01   1.0105820e+00   1.0105815e+00   1.0105820e+00   1.0105815e+00
   9.8174794e+01   1.0104839e+00   1.0104835e+00   1.0104839e+00   1.0104835e+00
   9.8627949e+01   1.0103868e+00   1.0103864e+00   1.0103868e+00   1.0103864e+00
   9.9083194e+01   1.0102906e+00   1.0102902e+00   1.0102906e+00   1.0102902e+00
   9.9540542e+01   1.0101953e+00   1.0101949e+00   1.0101953e+00   1.0101949e+00
   1.0000000e+02   1.0101009e+00   1.0101005e+00   1.0101009e+00   1.0101005e+00
