   1.0000000e+00   1.7710873e+02   1.7423211e+02  -1.7710873e+02  -1.7423211e+02
   1.0046158e+00   1.7710846e+02   1.7423158e+02  -1.7710846e+02  -1.7423158e+02
   1.0092529e+00   1.7710819e+02   1.7423104e+02  -1.7710819e+02  -1.7423104e+02
   1.0139114e+00   1.7710791e+02   1.7423049e+02  -1.7710791e+02  -1.7423049e+02
   1.0185914e+00   1.7710764e+02   1.7422994e+02  -1.7710764e+02  -1.7422994e+02
   1.0232930e+00   1.7710736e+02   1.7422938e+02  -1.7710736e+02  -1.7422938e+02
   1.0280163e+00   1.7710707e+02   1.7422882e+02  -1.7710707e+02  -1.7422882e+02
   1.0327614e+00   1.7710679e+02   1.7422825e+02  -1.7710679e+02  -1.7422825e+02
   1.0375284e+00   1.7710650e+02   1.7422768e+02  -1.7710650e+02  -1.7422768e+02
   1.0423174e+00   1.7710621e+02   1.7422711e+02  -1.7710621e+02  -1.7422711e+02
   1.0471285e+00   1.7710591e+02   1.7422652e+02  -1.7710591e+02  -1.7422652e+02
   1.0519619e+00   1.7710562e+02   1.7422593e+02  -1.7710562e+02  -1.7422593e+02
   1.0568175e+00   1.7710532e+02   1.7422534e+02  -1.7710532e+02  -1.7422534e+02
   1.0616956e+00   1.7710502e+02   1.7422474e+02  -1.7710502e+02  -1.7422474e+02
   1.0665961e+00   1.7710471e+02   1.7422414e+02  -1.7710471e+02  -1.7422414e+02
   1.0715193e+00   1.7710440e+02   1.7422352e+02  -1.7710440e+02  -1.7422352e+02
   1.0764652e+00   1.7710409e+02   1.7422291e+02  -1.7710409e+02  -1.7422291e+02
   1.0814340e+00   1.7710378e+02   1.7422229e+02  -1.7710378e+02  -1.7422229e+02
   1.0864256e+00   1.7710346e+02   1.7422166e+02  -1.7710346e+02  -1.7422166e+02
   1.0914403e+00   1.7710314e+02   1.7422102e+02  -1.7710314e+02  -1.7422102e+02
   1.0964782e+00   1.7710282e+02   1.7422038e+02  -1.7710282e+02  -1.7422038e+02
   1.1015393e+00   1.7710250e+02   1.7421974e+02  -1.7710250e+02  -1.7421974e+02
   1.1066238e+00   1.7710217e+02   1.7421908e+02  -1.7710217e+02  -1.7421908e+02
   1.1117317e+00   1.7710183e+02   1.7421842e+02  -1.7710183e+02  -1.7421842e+02
   1.1168632e+00   1.7710150e+02   1.7421776e+02  -1.7710150e+02  -1.7421776e+02
   1.1220185e+00   1.7710116e+02   1.7421709e+02  -1.7710116e+02  -1.7421709e+02
   1.1271975e+00   1.7710082e+02   1.7421641e+02  -1.7710082e+02  -1.7421641e+02
   1.1324004e+00   1.7710048e+02   1.7421573e+02  -1.7710048e+02  -1.7421573e+02
   1.1376273e+00   1.7710013e+02   1.7421504e+02  -1.7710013e+02  -1.7421504e+02
   1.1428783e+00   1.7709978e+02   1.7421434e+02  -1.7709978e+02  -1.7421434e+02
   1.1481536e+00   1.7709942e+02   1.7421364e+02  -1.7709942e+02  -1.7421364e+02
   1.1534533e+00   1.7709906e+02   1.7421292e+02  -1.7709906e+02  -1.7421292e+02
   1.1587774e+00   1.7709870e+02   1.7421221e+02  -1.7709870e+02  -1.7421221e+02
   1.1641260e+00   1.7709834e+02   1.7421148e+02  -1.7709834e+02  -1.7421148e+02
   1.1694994e+00   1.7709797e+02   1.7421075e+02  -1.7709797e+02  -1.7421075e+02
   1.1748976e+00   1.7709760e+02   1.7421001e+02  -1.7709760e+02  -1.7421001e+02
   1.1803206e+00   1.7709722e+02   1.7420927e+02  -1.7709722e+02  -1.7420927e+02
   1.1857687e+00   1.7709684e+02   1.7420852e+02  -1.7709684e+02  -1.7420852e+02
   1.1912420e+00   1.7709646e+02   1.7420776e+02  -1.7709646e+02  -1.7420776e+02
   1.1967405e+00   1.7709607e+02   1.7420699e+02  -1.7709607e+02  -1.7420699e+02
   1.2022644e+00   1.7709568e+02   1.7420622e+02  -1.7709568e+02  -1.7420622e+02
   1.2078138e+00   1.7709529e+02   1.7420544e+02  -1.7709529e+02  -1.7420544e+02
   1.2133889e+00   1.7709489e+02   1.7420465e+02  -1.7709489e+02  -1.7420465e+02
   1.2189896e+00   1.7709449e+02   1.7420385e+02  -1.7709449e+02  -1.7420385e+02
   1.2246162e+00   1.7709409e+02   1.7420305e+02  -1.7709409e+02  -1.7420305e+02
   1.2302688e+00   1.7709368e+02   1.7420224e+02  -1.7709368e+02  -1.7420224e+02
   1.2359474e+00   1.7709327e+02   1.7420142e+02  -1.7709327e+02  -1.7420142e+02
   1.2416523e+00   1.7709285e+02   1.7420059e+02  -1.7709285e+02  -1.7420059e+02
   1.2473835e+00   1.7709243e+02   1.7419976e+02  -1.7709243e+02  -1.7419976e+02
   1.2531412e+00   1.7709201e+02   1.7419892e+02  -1.7709201e+02  -1.7419892e+02
   1.2589254e+00   1.7709158e+02   1.7419806e+02  -1.7709158e+02  -1.7419806e+02
   1.2647363e+00   1.7709114e+02   1.7419721e+02  -1.7709114e+02  -1.7419721e+02
   1.2705741e+00   1.7709071e+02   1.7419634e+02  -1.7709071e+02  -1.7419634e+02
   1.2764388e+00   1.7709027e+02   1.7419546e+02  -1.7709027e+02  -1.7419546e+02
   1.2823306e+00   1.7708982e+02   1.7419458e+02  -1.7708982e+02  -1.7419458e+02
   1.2882496e+00   1.7708937e+02   1.7419369e+02  -1.7708937e+02  -1.7419369e+02
   1.2941958e+00   1.7708892e+02   1.7419279e+02  -1.7708892e+02  -1.7419279e+02
   1.3001696e+00   1.7708846e+02   1.7419188e+02  -1.7708846e+02  -1.7419188e+02
   1.3061709e+00   1.7708800e+02   1.7419096e+02  -1.7708800e+02  -1.7419096e+02
   1.3121999e+00   1.7708753e+02   1.7419003e+02  -1.7708753e+02  -1.7419003e+02
   1.3182567e+00   1.7708706e+02   1.7418910e+02  -1.7708706e+02  -1.7418910e+02
   1.3243415e+00   1.7708658e+02   1.7418815e+02  -1.7708658e+02  -1.7418815e+02
   1.3304544e+00   1.7708610e+02   1.7418720e+02  -1.7708610e+02  -1.7418720e+02
   1.3365955e+00   1.7708562e+02   1.7418624e+02  -1.7708562e+02  -1.7418624e+02
   1.3427650e+00   1.7708513e+02   1.7418527e+02  -1.7708513e+02  -1.7418527e+02
   1.3489629e+00   1.7708463e+02   1.7418428e+02  -1.7708463e+02  -1.7418428e+02
   1.3551894e+00   1.7708413e+02   1.7418329e+02  -1.7708413e+02  -1.7418329e+02
   1.3614447e+00   1.7708363e+02   1.7418229e+02  -1.7708363e+02  -1.7418229e+02
   1.3677288e+00   1.7708312e+02   1.7418128e+02  -1.7708312e+02  -1.7418128e+02
   1.3740420e+00   1.7708261e+02   1.7418026e+02  -1.7708261e+02  -1.7418026e+02
   1.3803843e+00   1.7708209e+02   1.7417923e+02  -1.7708209e+02  -1.7417923e+02
   1.3867558e+00   1.7708156e+02   1.7417820e+02  -1.7708156e+02  -1.7417820e+02
   1.3931568e+00   1.7708104e+02   1.7417715e+02  -1.7708104e+02  -1.7417715e+02
   1.3995873e+00   1.7708050e+02   1.7417609e+02  -1.7708050e+02  -1.7417609e+02
   1.4060475e+00   1.7707996e+02   1.7417502e+02  -1.7707996e+02  -1.7417502e+02
   1.4125375e+00   1.7707942e+02   1.7417394e+02  -1.7707942e+02  -1.7417394e+02
   1.4190575e+00   1.7707887e+02   1.7417285e+02  -1.7707887e+02  -1.7417285e+02
   1.4256076e+00   1.7707832e+02   1.7417175e+02  -1.7707832e+02  -1.7417175e+02
   1.4321879e+00   1.7707776e+02   1.7417064e+02  -1.7707776e+02  -1.7417064e+02
   1.4387986e+00   1.7707719e+02   1.7416951e+02  -1.7707719e+02  -1.7416951e+02
   1.4454398e+00   1.7707662e+02   1.7416838e+02  -1.7707662e+02  -1.7416838e+02
   1.4521116e+00   1.7707604e+02   1.7416724e+02  -1.7707604e+02  -1.7416724e+02
   1.4588143e+00   1.7707546e+02   1.7416608e+02  -1.7707546e+02  -1.7416608e+02
   1.4655478e+00   1.7707487e+02   1.7416492e+02  -1.7707487e+02  -1.7416492e+02
   1.4723125e+00   1.7707428e+02   1.7416374e+02  -1.7707428e+02  -1.7416374e+02
   1.4791084e+00   1.7707368e+02   1.7416255e+02  -1.7707368e+02  -1.7416255e+02
   1.4859356e+00   1.7707308e+02   1.7416135e+02  -1.7707308e+02  -1.7416135e+02
   1.4927944e+00   1.7707247e+02   1.7416014e+02  -1.7707247e+02  -1.7416014e+02
   1.4996848e+00   1.7707185e+02   1.7415892e+02  -1.7707185e+02  -1.7415892e+02
   1.5066071e+00   1.7707123e+02   1.7415768e+02  -1.7707123e+02  -1.7415768e+02
   1.5135612e+00   1.7707060e+02   1.7415643e+02  -1.7707060e+02  -1.7415643e+02
   1.5205475e+00   1.7706996e+02   1.7415517e+02  -1.7706996e+02  -1.7415517e+02
   1.5275661e+00   1.7706932e+02   1.7415390e+02  -1.7706932e+02  -1.7415390e+02
   1.5346170e+00   1.7706868e+02   1.7415262e+02  -1.7706868e+02  -1.7415262e+02
   1.5417005e+00   1.7706802e+02   1.7415132e+02  -1.7706802e+02  -1.7415132e+02
   1.5488166e+00   1.7706736e+02   1.7415001e+02  -1.7706736e+02  -1.7415001e+02
   1.5559656e+00   1.7706670e+02   1.7414869e+02  -1.7706670e+02  -1.7414869e+02
   1.5631476e+00   1.7706603e+02   1.7414736e+02  -1.7706603e+02  -1.7414736e+02
   1.5703628e+00   1.7706535e+02   1.7414601e+02  -1.7706535e+02  -1.7414601e+02
   1.5776113e+00   1.7706466e+02   1.7414465e+02  -1.7706466e+02  -1.7414465e+02
   1.5848932e+00   1.7706397e+02   1.7414328e+02  -1.7706397e+02  -1.7414328e+02
   1.5922087e+00   1.7706327e+02   1.7414189e+02  -1.7706327e+02  -1.7414189e+02
   1.5995580e+00   1.7706256e+02   1.7414049e+02  -1.7706256e+02  -1.7414049e+02
   1.6069413e+00   1.7706185e+02   1.7413908e+02  -1.7706185e+02  -1.7413908e+02
   1.6143586e+00   1.7706113e+02   1.7413765e+02  -1.7706113e+02  -1.7413765e+02
   1.6218101e+00   1.7706041e+02   1.7413621e+02  -1.7706041e+02  -1.7413621e+02
   1.6292960e+00   1.7705967e+02   1.7413475e+02  -1.7705967e+02  -1.7413475e+02
   1.6368165e+00   1.7705893e+02   1.7413328e+02  -1.7705893e+02  -1.7413328e+02
   1.6443717e+00   1.7705818e+02   1.7413180e+02  -1.7705818e+02  -1.7413180e+02
   1.6519618e+00   1.7705743e+02   1.7413030e+02  -1.7705743e+02  -1.7413030e+02
   1.6595869e+00   1.7705667e+02   1.7412878e+02  -1.7705667e+02  -1.7412878e+02
   1.6672472e+00   1.7705590e+02   1.7412726e+02  -1.7705590e+02  -1.7412726e+02
   1.6749429e+00   1.7705512e+02   1.7412571e+02  -1.7705512e+02  -1.7412571e+02
   1.6826741e+00   1.7705433e+02   1.7412415e+02  -1.7705433e+02  -1.7412415e+02
   1.6904409e+00   1.7705354e+02   1.7412258e+02  -1.7705354e+02  -1.7412258e+02
   1.6982437e+00   1.7705274e+02   1.7412099e+02  -1.7705274e+02  -1.7412099e+02
   1.7060824e+00   1.7705193e+02   1.7411939e+02  -1.7705193e+02  -1.7411939e+02
   1.7139573e+00   1.7705111e+02   1.7411777e+02  -1.7705111e+02  -1.7411777e+02
   1.7218686e+00   1.7705029e+02   1.7411613e+02  -1.7705029e+02  -1.7411613e+02
   1.7298164e+00   1.7704946e+02   1.7411448e+02  -1.7704946e+02  -1.7411448e+02
   1.7378008e+00   1.7704861e+02   1.7411281e+02  -1.7704861e+02  -1.7411281e+02
   1.7458222e+00   1.7704777e+02   1.7411112e+02  -1.7704777e+02  -1.7411112e+02
   1.7538805e+00   1.7704691e+02   1.7410942e+02  -1.7704691e+02  -1.7410942e+02
   1.7619760e+00   1.7704604e+02   1.7410771e+02  -1.7704604e+02  -1.7410771e+02
   1.7701090e+00   1.7704517e+02   1.7410597e+02  -1.7704517e+02  -1.7410597e+02
   1.7782794e+00   1.7704428e+02   1.7410422e+02  -1.7704428e+02  -1.7410422e+02
   1.7864876e+00   1.7704339e+02   1.7410245e+02  -1.7704339e+02  -1.7410245e+02
   1.7947336e+00   1.7704249e+02   1.7410066e+02  -1.7704249e+02  -1.7410066e+02
   1.8030177e+00   1.7704158e+02   1.7409886e+02  -1.7704158e+02  -1.7409886e+02
   1.8113401e+00   1.7704066e+02   1.7409703e+02  -1.7704066e+02  -1.7409703e+02
   1.8197009e+00   1.7703974e+02   1.7409519e+02  -1.7703974e+02  -1.7409519e+02
   1.8281002e+00   1.7703880e+02   1.7409334e+02  -1.7703880e+02  -1.7409334e+02
   1.8365383e+00   1.7703785e+02   1.7409146e+02  -1.7703785e+02  -1.7409146e+02
   1.8450154e+00   1.7703690e+02   1.7408956e+02  -1.7703690e+02  -1.7408956e+02
   1.8535316e+00   1.7703593e+02   1.7408765e+02  -1.7703593e+02  -1.7408765e+02
   1.8620871e+00   1.7703496e+02   1.7408572e+02  -1.7703496e+02  -1.7408572e+02
   1.8706821e+00   1.7703398e+02   1.7408376e+02  -1.7703398e+02  -1.7408376e+02
   1.8793168e+00   1.7703298e+02   1.7408179e+02  -1.7703298e+02  -1.7408179e+02
   1.8879913e+00   1.7703198e+02   1.7407980e+02  -1.7703198e+02  -1.7407980e+02
   1.8967059e+00   1.7703096e+02   1.7407779e+02  -1.7703096e+02  -1.7407779e+02
   1.9054607e+00   1.7702994e+02   1.7407576e+02  -1.7702994e+02  -1.7407576e+02
   1.9142559e+00   1.7702891e+02   1.7407371e+02  -1.7702891e+02  -1.7407371e+02
   1.9230917e+00   1.7702786e+02   1.7407164e+02  -1.7702786e+02  -1.7407164e+02
   1.9319683e+00   1.7702681e+02   1.7406954e+02  -1.7702681e+02  -1.7406954e+02
   1.9408859e+00   1.7702574e+02   1.7406743e+02  -1.7702574e+02  -1.7406743e+02
   1.9498446e+00   1.7702467e+02   1.7406530e+02  -1.7702467e+02  -1.7406530e+02
   1.9588447e+00   1.7702358e+02   1.7406314e+02  -1.7702358e+02  -1.7406314e+02
   1.9678863e+00   1.7702248e+02   1.7406096e+02  -1.7702248e+02  -1.7406096e+02
   1.9769696e+00   1.7702138e+02   1.7405876e+02  -1.7702138e+02  -1.7405876e+02
   1.9860949e+00   1.7702026e+02   1.7405654e+02  -1.7702026e+02  -1.7405654e+02
   1.9952623e+00   1.7701913e+02   1.7405430e+02  -1.7701913e+02  -1.7405430e+02
   2.0044720e+00   1.7701798e+02   1.7405204e+02  -1.7701798e+02  -1.7405204e+02
   2.0137242e+00   1.7701683e+02   1.7404975e+02  -1.7701683e+02  -1.7404975e+02
   2.0230192e+00   1.7701567e+02   1.7404744e+02  -1.7701567e+02  -1.7404744e+02
   2.0323570e+00   1.7701449e+02   1.7404510e+02  -1.7701449e+02  -1.7404510e+02
   2.0417379e+00   1.7701330e+02   1.7404274e+02  -1.7701330e+02  -1.7404274e+02
   2.0511622e+00   1.7701210e+02   1.7404036e+02  -1.7701210e+02  -1.7404036e+02
   2.0606299e+00   1.7701089e+02   1.7403796e+02  -1.7701089e+02  -1.7403796e+02
   2.0701413e+00   1.7700966e+02   1.7403553e+02  -1.7700966e+02  -1.7403553e+02
   2.0796967e+00   1.7700843e+02   1.7403307e+02  -1.7700843e+02  -1.7403307e+02
   2.0892961e+00   1.7700718e+02   1.7403059e+02  -1.7700718e+02  -1.7403059e+02
   2.0989399e+00   1.7700591e+02   1.7402809e+02  -1.7700591e+02  -1.7402809e+02
   2.1086281e+00   1.7700464e+02   1.7402556e+02  -1.7700464e+02  -1.7402556e+02
   2.1183611e+00   1.7700335e+02   1.7402301e+02  -1.7700335e+02  -1.7402301e+02
   2.1281390e+00   1.7700205e+02   1.7402043e+02  -1.7700205e+02  -1.7402043e+02
   2.1379621e+00   1.7700074e+02   1.7401782e+02  -1.7700074e+02  -1.7401782e+02
   2.1478305e+00   1.7699941e+02   1.7401519e+02  -1.7699941e+02  -1.7401519e+02
   2.1577444e+00   1.7699807e+02   1.7401253e+02  -1.7699807e+02  -1.7401253e+02
   2.1677041e+00   1.7699671e+02   1.7400984e+02  -1.7699671e+02  -1.7400984e+02
   2.1777098e+00   1.7699534e+02   1.7400712e+02  -1.7699534e+02  -1.7400712e+02
   2.1877616e+00   1.7699396e+02   1.7400438e+02  -1.7699396e+02  -1.7400438e+02
   2.1978599e+00   1.7699257e+02   1.7400161e+02  -1.7699257e+02  -1.7400161e+02
   2.2080047e+00   1.7699116e+02   1.7399881e+02  -1.7699116e+02  -1.7399881e+02
   2.2181964e+00   1.7698973e+02   1.7399599e+02  -1.7698973e+02  -1.7399599e+02
   2.2284351e+00   1.7698829e+02   1.7399313e+02  -1.7698829e+02  -1.7399313e+02
   2.2387211e+00   1.7698684e+02   1.7399025e+02  -1.7698684e+02  -1.7399025e+02
   2.2490546e+00   1.7698537e+02   1.7398733e+02  -1.7698537e+02  -1.7398733e+02
   2.2594358e+00   1.7698388e+02   1.7398439e+02  -1.7698388e+02  -1.7398439e+02
   2.2698649e+00   1.7698238e+02   1.7398142e+02  -1.7698238e+02  -1.7398142e+02
   2.2803421e+00   1.7698087e+02   1.7397841e+02  -1.7698087e+02  -1.7397841e+02
   2.2908677e+00   1.7697934e+02   1.7397538e+02  -1.7697934e+02  -1.7397538e+02
   2.3014418e+00   1.7697779e+02   1.7397231e+02  -1.7697779e+02  -1.7397231e+02
   2.3120648e+00   1.7697623e+02   1.7396921e+02  -1.7697623e+02  -1.7396921e+02
   2.3227368e+00   1.7697465e+02   1.7396608e+02  -1.7697465e+02  -1.7396608e+02
   2.3334581e+00   1.7697306e+02   1.7396292e+02  -1.7697306e+02  -1.7396292e+02
   2.3442288e+00   1.7697145e+02   1.7395973e+02  -1.7697145e+02  -1.7395973e+02
   2.3550493e+00   1.7696982e+02   1.7395650e+02  -1.7696982e+02  -1.7395650e+02
   2.3659197e+00   1.7696818e+02   1.7395324e+02  -1.7696818e+02  -1.7395324e+02
   2.3768403e+00   1.7696652e+02   1.7394994e+02  -1.7696652e+02  -1.7394994e+02
   2.3878113e+00   1.7696484e+02   1.7394661e+02  -1.7696484e+02  -1.7394661e+02
   2.3988329e+00   1.7696314e+02   1.7394325e+02  -1.7696314e+02  -1.7394325e+02
   2.4099054e+00   1.7696143e+02   1.7393985e+02  -1.7696143e+02  -1.7393985e+02
   2.4210290e+00   1.7695970e+02   1.7393642e+02  -1.7695970e+02  -1.7393642e+02
   2.4322040e+00   1.7695795e+02   1.7393295e+02  -1.7695795e+02  -1.7393295e+02
   2.4434306e+00   1.7695618e+02   1.7392944e+02  -1.7695618e+02  -1.7392944e+02
   2.4547089e+00   1.7695439e+02   1.7392590e+02  -1.7695439e+02  -1.7392590e+02
   2.4660393e+00   1.7695259e+02   1.7392232e+02  -1.7695259e+02  -1.7392232e+02
   2.4774221e+00   1.7695077e+02   1.7391871e+02  -1.7695077e+02  -1.7391871e+02
   2.4888573e+00   1.7694892e+02   1.7391505e+02  -1.7694892e+02  -1.7391505e+02
   2.5003454e+00   1.7694706e+02   1.7391136e+02  -1.7694706e+02  -1.7391136e+02
   2.5118864e+00   1.7694518e+02   1.7390763e+02  -1.7694518e+02  -1.7390763e+02
   2.5234808e+00   1.7694328e+02   1.7390386e+02  -1.7694328e+02  -1.7390386e+02
   2.5351286e+00   1.7694136e+02   1.7390005e+02  -1.7694136e+02  -1.7390005e+02
   2.5468303e+00   1.7693942e+02   1.7389620e+02  -1.7693942e+02  -1.7389620e+02
   2.5585859e+00   1.7693745e+02   1.7389231e+02  -1.7693745e+02  -1.7389231e+02
   2.5703958e+00   1.7693547e+02   1.7388838e+02  -1.7693547e+02  -1.7388838e+02
   2.5822602e+00   1.7693347e+02   1.7388441e+02  -1.7693347e+02  -1.7388441e+02
   2.5941794e+00   1.7693144e+02   1.7388039e+02  -1.7693144e+02  -1.7388039e+02
   2.6061535e+00   1.7692940e+02   1.7387633e+02  -1.7692940e+02  -1.7387633e+02
   2.6181830e+00   1.7692733e+02   1.7387223e+02  -1.7692733e+02  -1.7387223e+02
   2.6302680e+00   1.7692524e+02   1.7386809e+02  -1.7692524e+02  -1.7386809e+02
   2.6424088e+00   1.7692313e+02   1.7386390e+02  -1.7692313e+02  -1.7386390e+02
   2.6546056e+00   1.7692099e+02   1.7385967e+02  -1.7692099e+02  -1.7385967e+02
   2.6668587e+00   1.7691884e+02   1.7385539e+02  -1.7691884e+02  -1.7385539e+02
   2.6791683e+00   1.7691666e+02   1.7385107e+02  -1.7691666e+02  -1.7385107e+02
   2.6915348e+00   1.7691445e+02   1.7384670e+02  -1.7691445e+02  -1.7384670e+02
   2.7039584e+00   1.7691223e+02   1.7384228e+02  -1.7691223e+02  -1.7384228e+02
   2.7164393e+00   1.7690997e+02   1.7383782e+02  -1.7690997e+02  -1.7383782e+02
   2.7289778e+00   1.7690770e+02   1.7383331e+02  -1.7690770e+02  -1.7383331e+02
   2.7415742e+00   1.7690540e+02   1.7382875e+02  -1.7690540e+02  -1.7382875e+02
   2.7542287e+00   1.7690308e+02   1.7382414e+02  -1.7690308e+02  -1.7382414e+02
   2.7669416e+00   1.7690073e+02   1.7381948e+02  -1.7690073e+02  -1.7381948e+02
   2.7797133e+00   1.7689835e+02   1.7381478e+02  -1.7689835e+02  -1.7381478e+02
   2.7925438e+00   1.7689595e+02   1.7381002e+02  -1.7689595e+02  -1.7381002e+02
   2.8054336e+00   1.7689352e+02   1.7380521e+02  -1.7689352e+02  -1.7380521e+02
   2.8183829e+00   1.7689107e+02   1.7380034e+02  -1.7689107e+02  -1.7380034e+02
   2.8313920e+00   1.7688859e+02   1.7379543e+02  -1.7688859e+02  -1.7379543e+02
   2.8444611e+00   1.7688609e+02   1.7379046e+02  -1.7688609e+02  -1.7379046e+02
   2.8575905e+00   1.7688355e+02   1.7378544e+02  -1.7688355e+02  -1.7378544e+02
   2.8707806e+00   1.7688099e+02   1.7378036e+02  -1.7688099e+02  -1.7378036e+02
   2.8840315e+00   1.7687840e+02   1.7377523e+02  -1.7687840e+02  -1.7377523e+02
   2.8973436e+00   1.7687579e+02   1.7377004e+02  -1.7687579e+02  -1.7377004e+02
   2.9107171e+00   1.7687314e+02   1.7376479e+02  -1.7687314e+02  -1.7376479e+02
   2.9241524e+00   1.7687046e+02   1.7375949e+02  -1.7687046e+02  -1.7375949e+02
   2.9376497e+00   1.7686776e+02   1.7375413e+02  -1.7686776e+02  -1.7375413e+02
   2.9512092e+00   1.7686503e+02   1.7374871e+02  -1.7686503e+02  -1.7374871e+02
   2.9648314e+00   1.7686226e+02   1.7374323e+02  -1.7686226e+02  -1.7374323e+02
   2.9785164e+00   1.7685947e+02   1.7373769e+02  -1.7685947e+02  -1.7373769e+02
   2.9922646e+00   1.7685664e+02   1.7373209e+02  -1.7685664e+02  -1.7373209e+02
   3.0060763e+00   1.7685378e+02   1.7372643e+02  -1.7685378e+02  -1.7372643e+02
   3.0199517e+00   1.7685089e+02   1.7372070e+02  -1.7685089e+02  -1.7372070e+02
   3.0338912e+00   1.7684797e+02   1.7371491e+02  -1.7684797e+02  -1.7371491e+02
   3.0478950e+00   1.7684502e+02   1.7370906e+02  -1.7684502e+02  -1.7370906e+02
   3.0619634e+00   1.7684203e+02   1.7370314e+02  -1.7684203e+02  -1.7370314e+02
   3.0760968e+00   1.7683901e+02   1.7369715e+02  -1.7683901e+02  -1.7369715e+02
   3.0902954e+00   1.7683596e+02   1.7369110e+02  -1.7683596e+02  -1.7369110e+02
   3.1045596e+00   1.7683287e+02   1.7368498e+02  -1.7683287e+02  -1.7368498e+02
   3.1188896e+00   1.7682975e+02   1.7367879e+02  -1.7682975e+02  -1.7367879e+02
   3.1332857e+00   1.7682659e+02   1.7367254e+02  -1.7682659e+02  -1.7367254e+02
   3.1477483e+00   1.7682340e+02   1.7366621e+02  -1.7682340e+02  -1.7366621e+02
   3.1622777e+00   1.7682017e+02   1.7365981e+02  -1.7682017e+02  -1.7365981e+02
   3.1768741e+00   1.7681690e+02   1.7365334e+02  -1.7681690e+02  -1.7365334e+02
   3.1915379e+00   1.7681360e+02   1.7364679e+02  -1.7681360e+02  -1.7364679e+02
   3.2062693e+00   1.7681026e+02   1.7364017e+02  -1.7681026e+02  -1.7364017e+02
   3.2210688e+00   1.7680688e+02   1.7363348e+02  -1.7680688e+02  -1.7363348e+02
   3.2359366e+00   1.7680347e+02   1.7362671e+02  -1.7680347e+02  -1.7362671e+02
   3.2508730e+00   1.7680001e+02   1.7361986e+02  -1.7680001e+02  -1.7361986e+02
   3.2658783e+00   1.7679651e+02   1.7361293e+02  -1.7679651e+02  -1.7361293e+02
   3.2809529e+00   1.7679298e+02   1.7360593e+02  -1.7679298e+02  -1.7360593e+02
   3.2960971e+00   1.7678940e+02   1.7359884e+02  -1.7678940e+02  -1.7359884e+02
   3.3113112e+00   1.7678579e+02   1.7359167e+02  -1.7678579e+02  -1.7359167e+02
   3.3265955e+00   1.7678213e+02   1.7358442e+02  -1.7678213e+02  -1.7358442e+02
   3.3419504e+00   1.7677842e+02   1.7357709e+02  -1.7677842e+02  -1.7357709e+02
   3.3573761e+00   1.7677468e+02   1.7356967e+02  -1.7677468e+02  -1.7356967e+02
   3.3728731e+00   1.7677089e+02   1.7356217e+02  -1.7677089e+02  -1.7356217e+02
   3.3884416e+00   1.7676706e+02   1.7355458e+02  -1.7676706e+02  -1.7355458e+02
   3.4040819e+00   1.7676318e+02   1.7354690e+02  -1.7676318e+02  -1.7354690e+02
   3.4197944e+00   1.7675926e+02   1.7353913e+02  -1.7675926e+02  -1.7353913e+02
   3.4355795e+00   1.7675529e+02   1.7353127e+02  -1.7675529e+02  -1.7353127e+02
   3.4514374e+00   1.7675128e+02   1.7352332e+02  -1.7675128e+02  -1.7352332e+02
   3.4673685e+00   1.7674722e+02   1.7351527e+02  -1.7674722e+02  -1.7351527e+02
   3.4833732e+00   1.7674311e+02   1.7350713e+02  -1.7674311e+02  -1.7350713e+02
   3.4994517e+00   1.7673895e+02   1.7349890e+02  -1.7673895e+02  -1.7349890e+02
   3.5156044e+00   1.7673474e+02   1.7349056e+02  -1.7673474e+02  -1.7349056e+02
   3.5318317e+00   1.7673049e+02   1.7348213e+02  -1.7673049e+02  -1.7348213e+02
   3.5481339e+00   1.7672618e+02   1.7347360e+02  -1.7672618e+02  -1.7347360e+02
   3.5645113e+00   1.7672182e+02   1.7346496e+02  -1.7672182e+02  -1.7346496e+02
   3.5809644e+00   1.7671741e+02   1.7345623e+02  -1.7671741e+02  -1.7345623e+02
   3.5974934e+00   1.7671295e+02   1.7344739e+02  -1.7671295e+02  -1.7344739e+02
   3.6140986e+00   1.7670843e+02   1.7343844e+02  -1.7670843e+02  -1.7343844e+02
   3.6307805e+00   1.7670386e+02   1.7342939e+02  -1.7670386e+02  -1.7342939e+02
   3.6475395e+00   1.7669923e+02   1.7342022e+02  -1.7669923e+02  -1.7342022e+02
   3.6643757e+00   1.7669455e+02   1.7341095e+02  -1.7669455e+02  -1.7341095e+02
   3.6812897e+00   1.7668980e+02   1.7340156e+02  -1.7668980e+02  -1.7340156e+02
   3.6982818e+00   1.7668501e+02   1.7339206e+02  -1.7668501e+02  -1.7339206e+02
   3.7153523e+00   1.7668015e+02   1.7338245e+02  -1.7668015e+02  -1.7338245e+02
   3.7325016e+00   1.7667524e+02   1.7337271e+02  -1.7667524e+02  -1.7337271e+02
   3.7497300e+00   1.7667026e+02   1.7336286e+02  -1.7667026e+02  -1.7336286e+02
   3.7670380e+00   1.7666522e+02   1.7335289e+02  -1.7666522e+02  -1.7335289e+02
   3.7844258e+00   1.7666012e+02   1.7334279e+02  -1.7666012e+02  -1.7334279e+02
   3.8018940e+00   1.7665496e+02   1.7333257e+02  -1.7665496e+02  -1.7333257e+02
   3.8194427e+00   1.7664974e+02   1.7332223e+02  -1.7664974e+02  -1.7332223e+02
   3.8370725e+00   1.7664444e+02   1.7331175e+02  -1.7664444e+02  -1.7331175e+02
   3.8547836e+00   1.7663909e+02   1.7330115e+02  -1.7663909e+02  -1.7330115e+02
   3.8725764e+00   1.7663366e+02   1.7329041e+02  -1.7663366e+02  -1.7329041e+02
   3.8904514e+00   1.7662817e+02   1.7327954e+02  -1.7662817e+02  -1.7327954e+02
   3.9084090e+00   1.7662261e+02   1.7326853e+02  -1.7662261e+02  -1.7326853e+02
   3.9264494e+00   1.7661698e+02   1.7325739e+02  -1.7661698e+02  -1.7325739e+02
   3.9445730e+00   1.7661128e+02   1.7324610e+02  -1.7661128e+02  -1.7324610e+02
   3.9627803e+00   1.7660550e+02   1.7323467e+02  -1.7660550e+02  -1.7323467e+02
   3.9810717e+00   1.7659966e+02   1.7322310e+02  -1.7659966e+02  -1.7322310e+02
   3.9994475e+00   1.7659374e+02   1.7321138e+02  -1.7659374e+02  -1.7321138e+02
   4.0179081e+00   1.7658774e+02   1.7319951e+02  -1.7658774e+02  -1.7319951e+02
   4.0364539e+00   1.7658166e+02   1.7318749e+02  -1.7658166e+02  -1.7318749e+02
   4.0550854e+00   1.7657551e+02   1.7317531e+02  -1.7657551e+02  -1.7317531e+02
   4.0738028e+00   1.7656928e+02   1.7316298e+02  -1.7656928e+02  -1.7316298e+02
   4.0926066e+00   1.7656296e+02   1.7315049e+02  -1.7656296e+02  -1.7315049e+02
   4.1114972e+00   1.7655657e+02   1.7313784e+02  -1.7655657e+02  -1.7313784e+02
   4.1304750e+00   1.7655009e+02   1.7312502e+02  -1.7655009e+02  -1.7312502e+02
   4.1495404e+00   1.7654353e+02   1.7311203e+02  -1.7654353e+02  -1.7311203e+02
   4.1686938e+00   1.7653688e+02   1.7309888e+02  -1.7653688e+02  -1.7309888e+02
   4.1879357e+00   1.7653014e+02   1.7308555e+02  -1.7653014e+02  -1.7308555e+02
   4.2072663e+00   1.7652332e+02   1.7307205e+02  -1.7652332e+02  -1.7307205e+02
   4.2266861e+00   1.7651640e+02   1.7305837e+02  -1.7651640e+02  -1.7305837e+02
   4.2461956e+00   1.7650939e+02   1.7304451e+02  -1.7650939e+02  -1.7304451e+02
   4.2657952e+00   1.7650229e+02   1.7303046e+02  -1.7650229e+02  -1.7303046e+02
   4.2854852e+00   1.7649510e+02   1.7301623e+02  -1.7649510e+02  -1.7301623e+02
   4.3052661e+00   1.7648780e+02   1.7300181e+02  -1.7648780e+02  -1.7300181e+02
   4.3251383e+00   1.7648041e+02   1.7298719e+02  -1.7648041e+02  -1.7298719e+02
   4.3451022e+00   1.7647292e+02   1.7297237e+02  -1.7647292e+02  -1.7297237e+02
   4.3651583e+00   1.7646533e+02   1.7295736e+02  -1.7646533e+02  -1.7295736e+02
   4.3853070e+00   1.7645763e+02   1.7294214e+02  -1.7645763e+02  -1.7294214e+02
   4.4055486e+00   1.7644983e+02   1.7292671e+02  -1.7644983e+02  -1.7292671e+02
   4.4258837e+00   1.7644192e+02   1.7291108e+02  -1.7644192e+02  -1.7291108e+02
   4.4463127e+00   1.7643391e+02   1.7289523e+02  -1.7643391e+02  -1.7289523e+02
   4.4668359e+00   1.7642578e+02   1.7287916e+02  -1.7642578e+02  -1.7287916e+02
   4.4874539e+00   1.7641754e+02   1.7286287e+02  -1.7641754e+02  -1.7286287e+02
   4.5081670e+00   1.7640918e+02   1.7284635e+02  -1.7640918e+02  -1.7284635e+02
   4.5289758e+00   1.7640071e+02   1.7282960e+02  -1.7640071e+02  -1.7282960e+02
   4.5498806e+00   1.7639212e+02   1.7281262e+02  -1.7639212e+02  -1.7281262e+02
   4.5708819e+00   1.7638340e+02   1.7279540e+02  -1.7638340e+02  -1.7279540e+02
   4.5919801e+00   1.7637457e+02   1.7277793e+02  -1.7637457e+02  -1.7277793e+02
   4.6131757e+00   1.7636560e+02   1.7276022e+02  -1.7636560e+02  -1.7276022e+02
   4.6344692e+00   1.7635651e+02   1.7274226e+02  -1.7635651e+02  -1.7274226e+02
   4.6558609e+00   1.7634729e+02   1.7272404e+02  -1.7634729e+02  -1.7272404e+02
   4.6773514e+00   1.7633794e+02   1.7270556e+02  -1.7633794e+02  -1.7270556e+02
   4.6989411e+00   1.7632845e+02   1.7268682e+02  -1.7632845e+02  -1.7268682e+02
   4.7206304e+00   1.7631883e+02   1.7266780e+02  -1.7631883e+02  -1.7266780e+02
   4.7424199e+00   1.7630906e+02   1.7264851e+02  -1.7630906e+02  -1.7264851e+02
   4.7643099e+00   1.7629915e+02   1.7262893e+02  -1.7629915e+02  -1.7262893e+02
   4.7863009e+00   1.7628910e+02   1.7260907e+02  -1.7628910e+02  -1.7260907e+02
   4.8083935e+00   1.7627890e+02   1.7258892e+02  -1.7627890e+02  -1.7258892e+02
   4.8305880e+00   1.7626854e+02   1.7256847e+02  -1.7626854e+02  -1.7256847e+02
   4.8528850e+00   1.7625803e+02   1.7254772e+02  -1.7625803e+02  -1.7254772e+02
   4.8752849e+00   1.7624737e+02   1.7252666e+02  -1.7624737e+02  -1.7252666e+02
   4.8977882e+00   1.7623654e+02   1.7250528e+02  -1.7623654e+02  -1.7250528e+02
   4.9203954e+00   1.7622555e+02   1.7248358e+02  -1.7622555e+02  -1.7248358e+02
   4.9431069e+00   1.7621439e+02   1.7246155e+02  -1.7621439e+02  -1.7246155e+02
   4.9659232e+00   1.7620307e+02   1.7243919e+02  -1.7620307e+02  -1.7243919e+02
   4.9888449e+00   1.7619157e+02   1.7241649e+02  -1.7619157e+02  -1.7241649e+02
   5.0118723e+00   1.7617989e+02   1.7239344e+02  -1.7617989e+02  -1.7239344e+02
   5.0350061e+00   1.7616803e+02   1.7237004e+02  -1.7616803e+02  -1.7237004e+02
   5.0582466e+00   1.7615599e+02   1.7234627e+02  -1.7615599e+02  -1.7234627e+02
   5.0815944e+00   1.7614376e+02   1.7232213e+02  -1.7614376e+02  -1.7232213e+02
   5.1050500e+00   1.7613133e+02   1.7229762e+02  -1.7613133e+02  -1.7229762e+02
   5.1286138e+00   1.7611871e+02   1.7227272e+02  -1.7611871e+02  -1.7227272e+02
   5.1522864e+00   1.7610589e+02   1.7224743e+02  -1.7610589e+02  -1.7224743e+02
   5.1760683e+00   1.7609287e+02   1.7222174e+02  -1.7609287e+02  -1.7222174e+02
   5.1999600e+00   1.7607963e+02   1.7219563e+02  -1.7607963e+02  -1.7219563e+02
   5.2239619e+00   1.7606618e+02   1.7216911e+02  -1.7606618e+02  -1.7216911e+02
   5.2480746e+00   1.7605252e+02   1.7214216e+02  -1.7605252e+02  -1.7214216e+02
   5.2722986e+00   1.7603863e+02   1.7211477e+02  -1.7603863e+02  -1.7211477e+02
   5.2966344e+00   1.7602451e+02   1.7208694e+02  -1.7602451e+02  -1.7208694e+02
   5.3210826e+00   1.7601016e+02   1.7205865e+02  -1.7601016e+02  -1.7205865e+02
   5.3456436e+00   1.7599558e+02   1.7202990e+02  -1.7599558e+02  -1.7202990e+02
   5.3703180e+00   1.7598075e+02   1.7200066e+02  -1.7598075e+02  -1.7200066e+02
   5.3951062e+00   1.7596567e+02   1.7197095e+02  -1.7596567e+02  -1.7197095e+02
   5.4200089e+00   1.7595033e+02   1.7194073e+02  -1.7595033e+02  -1.7194073e+02
   5.4450265e+00   1.7593474e+02   1.7191000e+02  -1.7593474e+02  -1.7191000e+02
   5.4701596e+00   1.7591888e+02   1.7187875e+02  -1.7591888e+02  -1.7187875e+02
   5.4954087e+00   1.7590274e+02   1.7184697e+02  -1.7590274e+02  -1.7184697e+02
   5.5207744e+00   1.7588633e+02   1.7181464e+02  -1.7588633e+02  -1.7181464e+02
   5.5462571e+00   1.7586964e+02   1.7178176e+02  -1.7586964e+02  -1.7178176e+02
   5.5718575e+00   1.7585265e+02   1.7174830e+02  -1.7585265e+02  -1.7174830e+02
   5.5975760e+00   1.7583536e+02   1.7171426e+02  -1.7583536e+02  -1.7171426e+02
   5.6234133e+00   1.7581776e+02   1.7167962e+02  -1.7581776e+02  -1.7167962e+02
   5.6493697e+00   1.7579985e+02   1.7164436e+02  -1.7579985e+02  -1.7164436e+02
   5.6754461e+00   1.7578162e+02   1.7160848e+02  -1.7578162e+02  -1.7160848e+02
   5.7016427e+00   1.7576306e+02   1.7157196e+02  -1.7576306e+02  -1.7157196e+02
   5.7279603e+00   1.7574416e+02   1.7153477e+02  -1.7574416e+02  -1.7153477e+02
   5.7543994e+00   1.7572492e+02   1.7149691e+02  -1.7572492e+02  -1.7149691e+02
   5.7809605e+00   1.7570532e+02   1.7145836e+02  -1.7570532e+02  -1.7145836e+02
   5.8076442e+00   1.7568535e+02   1.7141909e+02  -1.7568535e+02  -1.7141909e+02
   5.8344510e+00   1.7566502e+02   1.7137910e+02  -1.7566502e+02  -1.7137910e+02
   5.8613816e+00   1.7564429e+02   1.7133836e+02  -1.7564429e+02  -1.7133836e+02
   5.8884366e+00   1.7562318e+02   1.7129686e+02  -1.7562318e+02  -1.7129686e+02
   5.9156163e+00   1.7560166e+02   1.7125456e+02  -1.7560166e+02  -1.7125456e+02
   5.9429216e+00   1.7557973e+02   1.7121147e+02  -1.7557973e+02  -1.7121147e+02
   5.9703529e+00   1.7555738e+02   1.7116754e+02  -1.7555738e+02  -1.7116754e+02
   5.9979108e+00   1.7553458e+02   1.7112276e+02  -1.7553458e+02  -1.7112276e+02
   6.0255959e+00   1.7551134e+02   1.7107711e+02  -1.7551134e+02  -1.7107711e+02
   6.0534087e+00   1.7548764e+02   1.7103057e+02  -1.7548764e+02  -1.7103057e+02
   6.0813500e+00   1.7546346e+02   1.7098310e+02  -1.7546346e+02  -1.7098310e+02
   6.1094202e+00   1.7543879e+02   1.7093468e+02  -1.7543879e+02  -1.7093468e+02
   6.1376201e+00   1.7541363e+02   1.7088529e+02  -1.7541363e+02  -1.7088529e+02
   6.1659500e+00   1.7538795e+02   1.7083490e+02  -1.7538795e+02  -1.7083490e+02
   6.1944108e+00   1.7536174e+02   1.7078348e+02  -1.7536174e+02  -1.7078348e+02
   6.2230029e+00   1.7533498e+02   1.7073100e+02  -1.7533498e+02  -1.7073100e+02
   6.2517269e+00   1.7530766e+02   1.7067743e+02  -1.7530766e+02  -1.7067743e+02
   6.2805836e+00   1.7527976e+02   1.7062274e+02  -1.7527976e+02  -1.7062274e+02
   6.3095734e+00   1.7525127e+02   1.7056690e+02  -1.7525127e+02  -1.7056690e+02
   6.3386971e+00   1.7522216e+02   1.7050987e+02  -1.7522216e+02  -1.7050987e+02
   6.3679552e+00   1.7519242e+02   1.7045161e+02  -1.7519242e+02  -1.7045161e+02
   6.3973484e+00   1.7516203e+02   1.7039209e+02  -1.7516203e+02  -1.7039209e+02
   6.4268772e+00   1.7513097e+02   1.7033127e+02  -1.7513097e+02  -1.7033127e+02
   6.4565423e+00   1.7509921e+02   1.7026910e+02  -1.7509921e+02  -1.7026910e+02
   6.4863443e+00   1.7506674e+02   1.7020556e+02  -1.7506674e+02  -1.7020556e+02
   6.5162839e+00   1.7503353e+02   1.7014059e+02  -1.7503353e+02  -1.7014059e+02
   6.5463617e+00   1.7499955e+02   1.7007414e+02  -1.7499955e+02  -1.7007414e+02
   6.5765784e+00   1.7496479e+02   1.7000618e+02  -1.7496479e+02  -1.7000618e+02
   6.6069345e+00   1.7492922e+02   1.6993665e+02  -1.7492922e+02  -1.6993665e+02
   6.6374307e+00   1.7489280e+02   1.6986549e+02  -1.7489280e+02  -1.6986549e+02
   6.6680677e+00   1.7485551e+02   1.6979267e+02  -1.7485551e+02  -1.6979267e+02
   6.6988461e+00   1.7481733e+02   1.6971811e+02  -1.7481733e+02  -1.6971811e+02
   6.7297666e+00   1.7477821e+02   1.6964176e+02  -1.7477821e+02  -1.6964176e+02
   6.7608298e+00   1.7473813e+02   1.6956355e+02  -1.7473813e+02  -1.6956355e+02
   6.7920363e+00   1.7469705e+02   1.6948343e+02  -1.7469705e+02  -1.6948343e+02
   6.8233869e+00   1.7465494e+02   1.6940133e+02  -1.7465494e+02  -1.6940133e+02
   6.8548823e+00   1.7461176e+02   1.6931717e+02  -1.7461176e+02  -1.6931717e+02
   6.8865230e+00   1.7456746e+02   1.6923089e+02  -1.7456746e+02  -1.6923089e+02
   6.9183097e+00   1.7452202e+02   1.6914239e+02  -1.7452202e+02  -1.6914239e+02
   6.9502432e+00   1.7447538e+02   1.6905161e+02  -1.7447538e+02  -1.6905161e+02
   6.9823240e+00   1.7442749e+02   1.6895846e+02  -1.7442749e+02  -1.6895846e+02
   7.0145530e+00   1.7437832e+02   1.6886285e+02  -1.7437832e+02  -1.6886285e+02
   7.0469307e+00   1.7432781e+02   1.6876467e+02  -1.7432781e+02  -1.6876467e+02
   7.0794578e+00   1.7427591e+02   1.6866384e+02  -1.7427591e+02  -1.6866384e+02
   7.1121351e+00   1.7422255e+02   1.6856026e+02  -1.7422255e+02  -1.6856026e+02
   7.1449633e+00   1.7416769e+02   1.6845380e+02  -1.7416769e+02  -1.6845380e+02
   7.1779429e+00   1.7411126e+02   1.6834436e+02  -1.7411126e+02  -1.6834436e+02
   7.2110748e+00   1.7405319e+02   1.6823181e+02  -1.7405319e+02  -1.6823181e+02
   7.2443596e+00   1.7399341e+02   1.6811602e+02  -1.7399341e+02  -1.6811602e+02
   7.2777980e+00   1.7393186e+02   1.6799687e+02  -1.7393186e+02  -1.6799687e+02
   7.3113908e+00   1.7386844e+02   1.6787420e+02  -1.7386844e+02  -1.6787420e+02
   7.3451387e+00   1.7380309e+02   1.6774787e+02  -1.7380309e+02  -1.6774787e+02
   7.3790423e+00   1.7373572e+02   1.6761771e+02  -1.7373572e+02  -1.6761771e+02
   7.4131024e+00   1.7366622e+02   1.6748356e+02  -1.7366622e+02  -1.6748356e+02
   7.4473197e+00   1.7359450e+02   1.6734524e+02  -1.7359450e+02  -1.6734524e+02
   7.4816950e+00   1.7352047e+02   1.6720255e+02  -1.7352047e+02  -1.6720255e+02
   7.5162289e+00   1.7344400e+02   1.6705530e+02  -1.7344400e+02  -1.6705530e+02
   7.5509223e+00   1.7336497e+02   1.6690328e+02  -1.7336497e+02  -1.6690328e+02
   7.5857758e+00   1.7328327e+02   1.6674624e+02  -1.7328327e+02  -1.6674624e+02
   7.6207901e+00   1.7319876e+02   1.6658396e+02  -1.7319876e+02  -1.6658396e+02
   7.6559661e+00   1.7311130e+02   1.6641618e+02  -1.7311130e+02  -1.6641618e+02
   7.6913044e+00   1.7302072e+02   1.6624262e+02  -1.7302072e+02  -1.6624262e+02
   7.7268059e+00   1.7292687e+02   1.6606299e+02  -1.7292687e+02  -1.6606299e+02
   7.7624712e+00   1.7282957e+02   1.6587697e+02  -1.7282957e+02  -1.6587697e+02
   7.7983011e+00   1.7272864e+02   1.6568423e+02  -1.7272864e+02  -1.6568423e+02
   7.8342964e+00   1.7262386e+02   1.6548442e+02  -1.7262386e+02  -1.6548442e+02
   7.8704579e+00   1.7251503e+02   1.6527715e+02  -1.7251503e+02  -1.6527715e+02
   7.9067863e+00   1.7240190e+02   1.6506201e+02  -1.7240190e+02  -1.6506201e+02
   7.9432823e+00   1.7228422e+02   1.6483856e+02  -1.7228422e+02  -1.6483856e+02
   7.9799469e+00   1.7216173e+02   1.6460633e+02  -1.7216173e+02  -1.6460633e+02
   8.0167806e+00   1.7203412e+02   1.6436481e+02  -1.7203412e+02  -1.6436481e+02
   8.0537844e+00   1.7190107e+02   1.6411344e+02  -1.7190107e+02  -1.6411344e+02
   8.0909590e+00   1.7176225e+02   1.6385164e+02  -1.7176225e+02  -1.6385164e+02
   8.1283052e+00   1.7161726e+02   1.6357877e+02  -1.7161726e+02  -1.6357877e+02
   8.1658237e+00   1.7146570e+02   1.6329413e+02  -1.7146570e+02  -1.6329413e+02
   8.2035154e+00   1.7130712e+02   1.6299697e+02  -1.7130712e+02  -1.6299697e+02
   8.2413812e+00   1.7114104e+02   1.6268648e+02  -1.7114104e+02  -1.6268648e+02
   8.2794216e+00   1.7096691e+02   1.6236178e+02  -1.7096691e+02  -1.6236178e+02
   8.3176377e+00   1.7078415e+02   1.6202190e+02  -1.7078415e+02  -1.6202190e+02
   8.3560302e+00   1.7059211e+02   1.6166579e+02  -1.7059211e+02  -1.6166579e+02
   8.3945999e+00   1.7039008e+02   1.6129232e+02  -1.7039008e+02  -1.6129232e+02
   8.4333476e+00   1.7017729e+02   1.6090023e+02  -1.7017729e+02  -1.6090023e+02
   8.4722741e+00   1.6995284e+02   1.6048815e+02  -1.6995284e+02  -1.6048815e+02
   8.5113804e+00   1.6971580e+02   1.6005457e+02  -1.6971580e+02  -1.6005457e+02
   8.5506671e+00   1.6946507e+02   1.5959784e+02  -1.6946507e+02  -1.5959784e+02
   8.5901352e+00   1.6919946e+02   1.5911615e+02  -1.6919946e+02  -1.5911615e+02
   8.6297855e+00   1.6891764e+02   1.5860748e+02  -1.6891764e+02  -1.5860748e+02
   8.6696188e+00   1.6861809e+02   1.5806961e+02  -1.6861809e+02  -1.5806961e+02
   8.7096359e+00   1.6829913e+02   1.5750009e+02  -1.6829913e+02  -1.5750009e+02
   8.7498378e+00   1.6795884e+02   1.5689618e+02  -1.6795884e+02  -1.5689618e+02
   8.7902252e+00   1.6759505e+02   1.5625484e+02  -1.6759505e+02  -1.5625484e+02
   8.8307990e+00   1.6720529e+02   1.5557270e+02  -1.6720529e+02  -1.5557270e+02
   8.8715601e+00   1.6678673e+02   1.5484598e+02  -1.6678673e+02  -1.5484598e+02
   8.9125094e+00   1.6633613e+02   1.5407044e+02  -1.6633613e+02  -1.5407044e+02
   8.9536477e+00   1.6584974e+02   1.5324136e+02  -1.6584974e+02  -1.5324136e+02
   8.9949758e+00   1.6532324e+02   1.5235341e+02  -1.6532324e+02  -1.5235341e+02
   9.0364947e+00   1.6475157e+02   1.5140061e+02  -1.6475157e+02  -1.5140061e+02
   9.0782053e+00   1.6412881e+02   1.5037623e+02  -1.6412881e+02  -1.5037623e+02
   9.1201084e+00   1.6344799e+02   1.4927265e+02  -1.6344799e+02  -1.4927265e+02
   9.1622049e+00   1.6270086e+02   1.4808132e+02  -1.6270086e+02  -1.4808132e+02
   9.2044957e+00   1.6187756e+02   1.4679254e+02  -1.6187756e+02  -1.4679254e+02
   9.2469817e+00   1.6096627e+02   1.4539539e+02  -1.6096627e+02  -1.4539539e+02
   9.2896639e+00   1.5995265e+02   1.4387756e+02  -1.5995265e+02  -1.4387756e+02
   9.3325430e+00   1.5881927e+02   1.4222521e+02  -1.5881927e+02  -1.4222521e+02
   9.3756201e+00   1.5754469e+02   1.4042286e+02  -1.5754469e+02  -1.4042286e+02
   9.4188960e+00   1.5610236e+02   1.3845330e+02  -1.5610236e+02  -1.3845330e+02
   9.4623716e+00   1.5445917e+02   1.3629760e+02  -1.5445917e+02  -1.3629760e+02
   9.5060479e+00   1.5257346e+02   1.3393519e+02  -1.5257346e+02  -1.3393519e+02
   9.5499259e+00   1.5039252e+02   1.3134428e+02  -1.5039252e+02  -1.3134428e+02
   9.5940063e+00   1.4784932e+02   1.2850240e+02  -1.4784932e+02  -1.2850240e+02
   9.6382902e+00   1.4485859e+02   1.2538755e+02  -1.4485859e+02  -1.2538755e+02
   9.6827786e+00   1.4131245e+02   1.2197983e+02  -1.4131245e+02  -1.2197983e+02
   9.7274722e+00   1.3707685e+02   1.1826374e+02  -1.3707685e+02  -1.1826374e+02
   9.7723722e+00   1.3199191e+02   1.1423128e+02  -1.3199191e+02  -1.1423128e+02
   9.8174794e+00   1.2588271e+02   1.0988555e+02  -1.2588271e+02  -1.0988555e+02
   9.8627949e+00   1.1859284e+02   1.0524448e+02  -1.1859284e+02  -1.0524448e+02
   9.9083194e+00   1.1005416e+02   1.0034380e+02  -1.1005416e+02  -1.0034380e+02
   9.9540542e+00   1.0039040e+02   9.5238265e+01  -1.0039040e+02  -9.5238265e+01
   1.0000000e+01   9.0000000e+01   9.0000000e+01  -9.0000000e+01  -9.0000000e+01
   1.0046158e+01   7.9515584e+01   8.4713539e+01  -7.9515584e+01  -8.4713539e+01
   1.0092529e+01   6.9603468e+01   7.9468161e+01  -6.9603468e+01  -7.9468161e+01
   1.0139114e+01   6.0736958e+01   7.4349095e+01  -6.0736958e+01  -7.4349095e+01
   1.0185914e+01   5.3109268e+01   6.9429682e+01  -5.3109268e+01  -6.9429682e+01
   1.0232930e+01   4.6693366e+01   6.4766179e+01  -4.6693366e+01  -6.4766179e+01
   1.0280163e+01   4.1348114e+01   6.0395841e+01  -4.1348114e+01  -6.0395841e+01
   1.0327614e+01   3.6899019e+01   5.6337924e+01  -3.6899019e+01  -5.6337924e+01
   1.0375284e+01   3.3180356e+01   5.2596587e+01  -3.3180356e+01  -5.2596587e+01
   1.0423174e+01   3.0050761e+01   4.9164579e+01  -3.0050761e+01  -4.9164579e+01
   1.0471285e+01   2.7395531e+01   4.6026897e+01  -2.7395531e+01  -4.6026897e+01
   1.0519619e+01   2.5123690e+01   4.3163885e+01  -2.5123690e+01  -4.3163885e+01
   1.0568175e+01   2.3163685e+01   4.0553638e+01  -2.3163685e+01  -4.0553638e+01
   1.0616956e+01   2.1459275e+01   3.8173694e+01  -2.1459275e+01  -3.8173694e+01
   1.0665961e+01   1.9966086e+01   3.6002159e+01  -1.9966086e+01  -3.6002159e+01
   1.0715193e+01   1.8648897e+01   3.4018368e+01  -1.8648897e+01  -3.4018368e+01
   1.0764652e+01   1.7479547e+01   3.2203246e+01  -1.7479547e+01  -3.2203246e+01
   1.0814340e+01   1.6435338e+01   3.0539441e+01  -1.6435338e+01  -3.0539441e+01
   1.0864256e+01   1.5497835e+01   2.9011335e+01  -1.5497835e+01  -2.9011335e+01
   1.0914403e+01   1.4651945e+01   2.7604963e+01  -1.4651945e+01  -2.7604963e+01
   1.0964782e+01   1.3885215e+01   2.6307897e+01  -1.3885215e+01  -2.6307897e+01
   1.1015393e+01   1.3187299e+01   2.5109106e+01  -1.3187299e+01  -2.5109106e+01
   1.1066238e+01   1.2549538e+01   2.3998813e+01  -1.2549538e+01  -2.3998813e+01
   1.1117317e+01   1.1964640e+01   2.2968358e+01  -1.1964640e+01  -2.2968358e+01
   1.1168632e+01   1.1426423e+01   2.2010069e+01  -1.1426423e+01  -2.2010069e+01
   1.1220185e+01   1.0929618e+01   2.1117140e+01  -1.0929618e+01  -2.1117140e+01
   1.1271975e+01   1.0469709e+01   2.0283532e+01  -1.0469709e+01  -2.0283532e+01
   1.1324004e+01   1.0042803e+01   1.9503876e+01  -1.0042803e+01  -1.9503876e+01
   1.1376273e+01   9.6455291e+00   1.8773392e+01  -9.6455291e+00  -1.8773392e+01
   1.1428783e+01   9.2749561e+00   1.8087814e+01  -9.2749561e+00  -1.8087814e+01
   1.1481536e+01   8.9285216e+00   1.7443330e+01  -8.9285216e+00  -1.7443330e+01
   1.1534533e+01   8.6039780e+00   1.6836529e+01  -8.6039780e+00  -1.6836529e+01
   1.1587774e+01   8.2993453e+00   1.6264347e+01  -8.2993453e+00  -1.6264347e+01
   1.1641260e+01   8.0128733e+00   1.5724030e+01  -8.0128733e+00  -1.5724030e+01
   1.1694994e+01   7.7430094e+00   1.5213100e+01  -7.7430094e+00  -1.5213100e+01
   1.1748976e+01   7.4883713e+00   1.4729317e+01  -7.4883713e+00  -1.4729317e+01
   1.1803206e+01   7.2477251e+00   1.4270656e+01  -7.2477251e+00  -1.4270656e+01
   1.1857687e+01   7.0199656e+00   1.3835282e+01  -7.0199656e+00  -1.3835282e+01
   1.1912420e+01   6.8041003e+00   1.3421529e+01  -6.8041003e+00  -1.3421529e+01
   1.1967405e+01   6.5992352e+00   1.3027883e+01  -6.5992352e+00  -1.3027883e+01
   1.2022644e+01   6.4045634e+00   1.2652963e+01  -6.4045634e+00  -1.2652963e+01
   1.2078138e+01   6.2193543e+00   1.2295507e+01  -6.2193543e+00  -1.2295507e+01
   1.2133889e+01   6.0429454e+00   1.1954365e+01  -6.0429454e+00  -1.1954365e+01
   1.2189896e+01   5.8747340e+00   1.1628479e+01  -5.8747340e+00  -1.1628479e+01
   1.2246162e+01   5.7141711e+00   1.1316882e+01  -5.7141711e+00  -1.1316882e+01
   1.2302688e+01   5.5607554e+00   1.1018684e+01  -5.5607554e+00  -1.1018684e+01
   1.2359474e+01   5.4140281e+00   1.0733065e+01  -5.4140281e+00  -1.0733065e+01
   1.2416523e+01   5.2735689e+00   1.0459271e+01  -5.2735689e+00  -1.0459271e+01
   1.2473835e+01   5.1389916e+00   1.0196605e+01  -5.1389916e+00  -1.0196605e+01
   1.2531412e+01   5.0099412e+00   9.9444235e+00  -5.0099412e+00  -9.9444235e+00
   1.2589254e+01   4.8860903e+00   9.7021297e+00  -4.8860903e+00  -9.7021297e+00
   1.2647363e+01   4.7671371e+00   9.4691712e+00  -4.7671371e+00  -9.4691712e+00
   1.2705741e+01   4.6528023e+00   9.2450354e+00  -4.6528023e+00  -9.2450354e+00
   1.2764388e+01   4.5428275e+00   9.0292458e+00  -4.5428275e+00  -9.0292458e+00
   1.2823306e+01   4.4369732e+00   8.8213593e+00  -4.4369732e+00  -8.8213593e+00
   1.2882496e+01   4.3350169e+00   8.6209630e+00  -4.3350169e+00  -8.6209630e+00
   1.2941958e+01   4.2367520e+00   8.4276720e+00  -4.2367520e+00  -8.4276720e+00
   1.3001696e+01   4.1419861e+00   8.2411269e+00  -4.1419861e+00  -8.2411269e+00
   1.3061709e+01   4.0505398e+00   8.0609918e+00  -4.0505398e+00  -8.0609918e+00
   1.3121999e+01   3.9622458e+00   7.8869527e+00  -3.9622458e+00  -7.8869527e+00
   1.3182567e+01   3.8769479e+00   7.7187153e+00  -3.8769479e+00  -7.7187153e+00
   1.3243415e+01   3.7944999e+00   7.5560038e+00  -3.7944999e+00  -7.5560038e+00
   1.3304544e+01   3.7147649e+00   7.3985593e+00  -3.7147649e+00  -7.3985593e+00
   1.3365955e+01   3.6376148e+00   7.2461390e+00  -3.6376148e+00  -7.2461390e+00
   1.3427650e+01   3.5629292e+00   7.0985142e+00  -3.5629292e+00  -7.0985142e+00
   1.3489629e+01   3.4905952e+00   6.9554700e+00  -3.4905952e+00  -6.9554700e+00
   1.3551894e+01   3.4205065e+00   6.8168040e+00  -3.4205065e+00  -6.8168040e+00
   1.3614447e+01   3.3525632e+00   6.6823254e+00  -3.3525632e+00  -6.6823254e+00
   1.3677288e+01   3.2866714e+00   6.5518541e+00  -3.2866714e+00  -6.5518541e+00
   1.3740420e+01   3.2227422e+00   6.4252203e+00  -3.2227422e+00  -6.4252203e+00
   1.3803843e+01   3.1606920e+00   6.3022635e+00  -3.1606920e+00  -6.3022635e+00
   1.3867558e+01   3.1004418e+00   6.1828318e+00  -3.1004418e+00  -6.1828318e+00
   1.3931568e+01   3.0419171e+00   6.0667816e+00  -3.0419171e+00  -6.0667816e+00
   1.3995873e+01   2.9850471e+00   5.9539771e+00  -2.9850471e+00  -5.9539771e+00
   1.4060475e+01   2.9297652e+00   5.8442892e+00  -2.9297652e+00  -5.8442892e+00
   1.4125375e+01   2.8760081e+00   5.7375960e+00  -2.8760081e+00  -5.7375960e+00
   1.4190575e+01   2.8237159e+00   5.6337813e+00  -2.8237159e+00  -5.6337813e+00
   1.4256076e+01   2.7728316e+00   5.5327352e+00  -2.7728316e+00  -5.5327352e+00
   1.4321879e+01   2.7233013e+00   5.4343532e+00  -2.7233013e+00  -5.4343532e+00
   1.4387986e+01   2.6750738e+00   5.3385356e+00  -2.6750738e+00  -5.3385356e+00
   1.4454398e+01   2.6281004e+00   5.2451882e+00  -2.6281004e+00  -5.2451882e+00
   1.4521116e+01   2.5823347e+00   5.1542207e+00  -2.5823347e+00  -5.1542207e+00
   1.4588143e+01   2.5377327e+00   5.0655475e+00  -2.5377327e+00  -5.0655475e+00
   1.4655478e+01   2.4942525e+00   4.9790869e+00  -2.4942525e+00  -4.9790869e+00
   1.4723125e+01   2.4518541e+00   4.8947610e+00  -2.4518541e+00  -4.8947610e+00
   1.4791084e+01   2.4104993e+00   4.8124956e+00  -2.4104993e+00  -4.8124956e+00
   1.4859356e+01   2.3701519e+00   4.7322197e+00  -2.3701519e+00  -4.7322197e+00
   1.4927944e+01   2.3307771e+00   4.6538656e+00  -2.3307771e+00  -4.6538656e+00
   1.4996848e+01   2.2923419e+00   4.5773685e+00  -2.2923419e+00  -4.5773685e+00
   1.5066071e+01   2.2548147e+00   4.5026667e+00  -2.2548147e+00  -4.5026667e+00
   1.5135612e+01   2.2181651e+00   4.4297009e+00  -2.2181651e+00  -4.4297009e+00
   1.5205475e+01   2.1823644e+00   4.3584146e+00  -2.1823644e+00  -4.3584146e+00
   1.5275661e+01   2.1473847e+00   4.2887536e+00  -2.1473847e+00  -4.2887536e+00
   1.5346170e+01   2.1131998e+00   4.2206660e+00  -2.1131998e+00  -4.2206660e+00
   1.5417005e+01   2.0797842e+00   4.1541020e+00  -2.0797842e+00  -4.1541020e+00
   1.5488166e+01   2.0471136e+00   4.0890140e+00  -2.0471136e+00  -4.0890140e+00
   1.5559656e+01   2.0151647e+00   4.0253562e+00  -2.0151647e+00  -4.0253562e+00
   1.5631476e+01   1.9839153e+00   3.9630848e+00  -1.9839153e+00  -3.9630848e+00
   1.5703628e+01   1.9533439e+00   3.9021576e+00  -1.9533439e+00  -3.9021576e+00
   1.5776113e+01   1.9234299e+00   3.8425344e+00  -1.9234299e+00  -3.8425344e+00
   1.5848932e+01   1.8941537e+00   3.7841761e+00  -1.8941537e+00  -3.7841761e+00
   1.5922087e+01   1.8654962e+00   3.7270455e+00  -1.8654962e+00  -3.7270455e+00
   1.5995580e+01   1.8374392e+00   3.6711068e+00  -1.8374392e+00  -3.6711068e+00
   1.6069413e+01   1.8099653e+00   3.6163253e+00  -1.8099653e+00  -3.6163253e+00
   1.6143586e+01   1.7830575e+00   3.5626680e+00  -1.7830575e+00  -3.5626680e+00
   1.6218101e+01   1.7566997e+00   3.5101028e+00  -1.7566997e+00  -3.5101028e+00
   1.6292960e+01   1.7308762e+00   3.4585990e+00  -1.7308762e+00  -3.4585990e+00
   1.6368165e+01   1.7055722e+00   3.4081270e+00  -1.7055722e+00  -3.4081270e+00
   1.6443717e+01   1.6807730e+00   3.3586582e+00  -1.6807730e+00  -3.3586582e+00
   1.6519618e+01   1.6564648e+00   3.3101651e+00  -1.6564648e+00  -3.3101651e+00
   1.6595869e+01   1.6326341e+00   3.2626212e+00  -1.6326341e+00  -3.2626212e+00
   1.6672472e+01   1.6092680e+00   3.2160010e+00  -1.6092680e+00  -3.2160010e+00
   1.6749429e+01   1.5863540e+00   3.1702796e+00  -1.5863540e+00  -3.1702796e+00
   1.6826741e+01   1.5638801e+00   3.1254335e+00  -1.5638801e+00  -3.1254335e+00
   1.6904409e+01   1.5418346e+00   3.0814394e+00  -1.5418346e+00  -3.0814394e+00
   1.6982437e+01   1.5202064e+00   3.0382754e+00  -1.5202064e+00  -3.0382754e+00
   1.7060824e+01   1.4989845e+00   2.9959198e+00  -1.4989845e+00  -2.9959198e+00
   1.7139573e+01   1.4781585e+00   2.9543520e+00  -1.4781585e+00  -2.9543520e+00
   1.7218686e+01   1.4577184e+00   2.9135521e+00  -1.4577184e+00  -2.9135521e+00
   1.7298164e+01   1.4376543e+00   2.8735005e+00  -1.4376543e+00  -2.8735005e+00
   1.7378008e+01   1.4179567e+00   2.8341786e+00  -1.4179567e+00  -2.8341786e+00
   1.7458222e+01   1.3986166e+00   2.7955684e+00  -1.3986166e+00  -2.7955684e+00
   1.7538805e+01   1.3796251e+00   2.7576523e+00  -1.3796251e+00  -2.7576523e+00
   1.7619760e+01   1.3609737e+00   2.7204132e+00  -1.3609737e+00  -2.7204132e+00
   1.7701090e+01   1.3426540e+00   2.6838350e+00  -1.3426540e+00  -2.6838350e+00
   1.7782794e+01   1.3246581e+00   2.6479015e+00  -1.3246581e+00  -2.6479015e+00
   1.7864876e+01   1.3069781e+00   2.6125975e+00  -1.3069781e+00  -2.6125975e+00
   1.7947336e+01   1.2896067e+00   2.5779081e+00  -1.2896067e+00  -2.5779081e+00
   1.8030177e+01   1.2725365e+00   2.5438187e+00  -1.2725365e+00  -2.5438187e+00
   1.8113401e+01   1.2557603e+00   2.5103154e+00  -1.2557603e+00  -2.5103154e+00
   1.8197009e+01   1.2392715e+00   2.4773846e+00  -1.2392715e+00  -2.4773846e+00
   1.8281002e+01   1.2230634e+00   2.4450132e+00  -1.2230634e+00  -2.4450132e+00
   1.8365383e+01   1.2071295e+00   2.4131883e+00  -1.2071295e+00  -2.4131883e+00
   1.8450154e+01   1.1914636e+00   2.3818976e+00  -1.1914636e+00  -2.3818976e+00
   1.8535316e+01   1.1760596e+00   2.3511290e+00  -1.1760596e+00  -2.3511290e+00
   1.8620871e+01   1.1609117e+00   2.3208710e+00  -1.1609117e+00  -2.3208710e+00
   1.8706821e+01   1.1460141e+00   2.2911120e+00  -1.1460141e+00  -2.2911120e+00
   1.8793168e+01   1.1313614e+00   2.2618412e+00  -1.1313614e+00  -2.2618412e+00
   1.8879913e+01   1.1169481e+00   2.2330479e+00  -1.1169481e+00  -2.2330479e+00
   1.8967059e+01   1.1027690e+00   2.2047216e+00  -1.1027690e+00  -2.2047216e+00
   1.9054607e+01   1.0888191e+00   2.1768524e+00  -1.0888191e+00  -2.1768524e+00
   1.9142559e+01   1.0750934e+00   2.1494303e+00  -1.0750934e+00  -2.1494303e+00
   1.9230917e+01   1.0615871e+00   2.1224458e+00  -1.0615871e+00  -2.1224458e+00
   1.9319683e+01   1.0482956e+00   2.0958898e+00  -1.0482956e+00  -2.0958898e+00
   1.9408859e+01   1.0352143e+00   2.0697531e+00  -1.0352143e+00  -2.0697531e+00
   1.9498446e+01   1.0223388e+00   2.0440271e+00  -1.0223388e+00  -2.0440271e+00
   1.9588447e+01   1.0096649e+00   2.0187031e+00  -1.0096649e+00  -2.0187031e+00
   1.9678863e+01   9.9718833e-01   1.9937729e+00  -9.9718833e-01  -1.9937729e+00
   1.9769696e+01   9.8490509e-01   1.9692285e+00  -9.8490509e-01  -1.9692285e+00
   1.9860949e+01   9.7281122e-01   1.9450619e+00  -9.7281122e-01  -1.9450619e+00
   1.9952623e+01   9.6090288e-01   1.9212655e+00  -9.6090288e-01  -1.9212655e+00
   2.0044720e+01   9.4917632e-01   1.8978319e+00  -9.4917632e-01  -1.8978319e+00
   2.0137242e+01   9.3762789e-01   1.8747539e+00  -9.3762789e-01  -1.8747539e+00
   2.0230192e+01   9.2625406e-01   1.8520242e+00  -9.2625406e-01  -1.8520242e+00
   2.0323570e+01   9.1505135e-01   1.8296362e+00  -9.1505135e-01  -1.8296362e+00
   2.0417379e+01   9.0401642e-01   1.8075830e+00  -9.0401642e-01  -1.8075830e+00
   2.0511622e+01   8.9314596e-01   1.7858581e+00  -8.9314596e-01  -1.7858581e+00
   2.0606299e+01   8.8243679e-01   1.7644551e+00  -8.8243679e-01  -1.7644551e+00
   2.0701413e+01   8.7188578e-01   1.7433680e+00  -8.7188578e-01  -1.7433680e+00
   2.0796967e+01   8.6148990e-01   1.7225905e+00  -8.6148990e-01  -1.7225905e+00
   2.0892961e+01   8.5124619e-01   1.7021167e+00  -8.5124619e-01  -1.7021167e+00
   2.0989399e+01   8.4115174e-01   1.6819411e+00  -8.4115174e-01  -1.6819411e+00
   2.1086281e+01   8.3120374e-01   1.6620578e+00  -8.3120374e-01  -1.6620578e+00
   2.1183611e+01   8.2139945e-01   1.6424614e+00  -8.2139945e-01  -1.6424614e+00
   2.1281390e+01   8.1173617e-01   1.6231466e+00  -8.1173617e-01  -1.6231466e+00
   2.1379621e+01   8.0221129e-01   1.6041082e+00  -8.0221129e-01  -1.6041082e+00
   2.1478305e+01   7.9282225e-01   1.5853410e+00  -7.9282225e-01  -1.5853410e+00
   2.1577444e+01   7.8356656e-01   1.5668401e+00  -7.8356656e-01  -1.5668401e+00
   2.1677041e+01   7.7444178e-01   1.5486007e+00  -7.7444178e-01  -1.5486007e+00
   2.1777098e+01   7.6544553e-01   1.5306179e+00  -7.6544553e-01  -1.5306179e+00
   2.1877616e+01   7.5657549e-01   1.5128872e+00  -7.5657549e-01  -1.5128872e+00
   2.1978599e+01   7.4782939e-01   1.4954041e+00  -7.4782939e-01  -1.4954041e+00
   2.2080047e+01   7.3920501e-01   1.4781640e+00  -7.3920501e-01  -1.4781640e+00
   2.2181964e+01   7.3070020e-01   1.4611628e+00  -7.3070020e-01  -1.4611628e+00
   2.2284351e+01   7.2231283e-01   1.4443961e+00  -7.2231283e-01  -1.4443961e+00
   2.2387211e+01   7.1404083e-01   1.4278599e+00  -7.1404083e-01  -1.4278599e+00
   2.2490546e+01   7.0588220e-01   1.4115502e+00  -7.0588220e-01  -1.4115502e+00
   2.2594358e+01   6.9783494e-01   1.3954629e+00  -6.9783494e-01  -1.3954629e+00
   2.2698649e+01   6.8989714e-01   1.3795943e+00  -6.8989714e-01  -1.3795943e+00
   2.2803421e+01   6.8206689e-01   1.3639405e+00  -6.8206689e-01  -1.3639405e+00
   2.2908677e+01   6.7434237e-01   1.3484980e+00  -6.7434237e-01  -1.3484980e+00
   2.3014418e+01   6.6672176e-01   1.3332630e+00  -6.6672176e-01  -1.3332630e+00
   2.3120648e+01   6.5920329e-01   1.3182321e+00  -6.5920329e-01  -1.3182321e+00
   2.3227368e+01   6.5178525e-01   1.3034018e+00  -6.5178525e-01  -1.3034018e+00
   2.3334581e+01   6.4446593e-01   1.2887688e+00  -6.4446593e-01  -1.2887688e+00
   2.3442288e+01   6.3724369e-01   1.2743298e+00  -6.3724369e-01  -1.2743298e+00
   2.3550493e+01   6.3011691e-01   1.2600814e+00  -6.3011691e-01  -1.2600814e+00
   2.3659197e+01   6.2308400e-01   1.2460207e+00  -6.2308400e-01  -1.2460207e+00
   2.3768403e+01   6.1614341e-01   1.2321444e+00  -6.1614341e-01  -1.2321444e+00
   2.3878113e+01   6.0929364e-01   1.2184495e+00  -6.0929364e-01  -1.2184495e+00
   2.3988329e+01   6.0253318e-01   1.2049331e+00  -6.0253318e-01  -1.2049331e+00
   2.4099054e+01   5.9586059e-01   1.1915923e+00  -5.9586059e-01  -1.1915923e+00
   2.4210290e+01   5.8927444e-01   1.1784243e+00  -5.8927444e-01  -1.1784243e+00
   2.4322040e+01   5.8277335e-01   1.1654261e+00  -5.8277335e-01  -1.1654261e+00
   2.4434306e+01   5.7635593e-01   1.1525952e+00  -5.7635593e-01  -1.1525952e+00
   2.4547089e+01   5.7002086e-01   1.1399289e+00  -5.7002086e-01  -1.1399289e+00
   2.4660393e+01   5.6376682e-01   1.1274245e+00  -5.6376682e-01  -1.1274245e+00
   2.4774221e+01   5.5759252e-01   1.1150795e+00  -5.5759252e-01  -1.1150795e+00
   2.4888573e+01   5.5149672e-01   1.1028913e+00  -5.5149672e-01  -1.1028913e+00
   2.5003454e+01   5.4547818e-01   1.0908575e+00  -5.4547818e-01  -1.0908575e+00
   2.5118864e+01   5.3953568e-01   1.0789757e+00  -5.3953568e-01  -1.0789757e+00
   2.5234808e+01   5.3366804e-01   1.0672435e+00  -5.3366804e-01  -1.0672435e+00
   2.5351286e+01   5.2787410e-01   1.0556586e+00  -5.2787410e-01  -1.0556586e+00
   2.5468303e+01   5.2215273e-01   1.0442187e+00  -5.2215273e-01  -1.0442187e+00
   2.5585859e+01   5.1650280e-01   1.0329217e+00  -5.1650280e-01  -1.0329217e+00
   2.5703958e+01   5.1092322e-01   1.0217652e+00  -5.1092322e-01  -1.0217652e+00
   2.5822602e+01   5.0541292e-01   1.0107472e+00  -5.0541292e-01  -1.0107472e+00
   2.5941794e+01   4.9997085e-01   9.9986557e-01  -4.9997085e-01  -9.9986557e-01
   2.6061535e+01   4.9459597e-01   9.8911824e-01  -4.9459597e-01  -9.8911824e-01
   2.6181830e+01   4.8928727e-01   9.7850318e-01  -4.8928727e-01  -9.7850318e-01
   2.6302680e+01   4.8404375e-01   9.6801841e-01  -4.8404375e-01  -9.6801841e-01
   2.6424088e+01   4.7886444e-01   9.5766200e-01  -4.7886444e-01  -9.5766200e-01
   2.6546056e+01   4.7374839e-01   9.4743201e-01  -4.7374839e-01  -9.4743201e-01
   2.6668587e+01   4.6869466e-01   9.3732659e-01  -4.6869466e-01  -9.3732659e-01
   2.6791683e+01   4.6370231e-01   9.2734389e-01  -4.6370231e-01  -9.2734389e-01
   2.6915348e+01   4.5877046e-01   9.1748211e-01  -4.5877046e-01  -9.1748211e-01
   2.7039584e+01   4.5389822e-01   9.0773947e-01  -4.5389822e-01  -9.0773947e-01
   2.7164393e+01   4.4908470e-01   8.9811423e-01  -4.4908470e-01  -8.9811423e-01
   2.7289778e+01   4.4432906e-01   8.8860469e-01  -4.4432906e-01  -8.8860469e-01
   2.7415742e+01   4.3963046e-01   8.7920917e-01  -4.3963046e-01  -8.7920917e-01
   2.7542287e+01   4.3498808e-01   8.6992602e-01  -4.3498808e-01  -8.6992602e-01
   2.7669416e+01   4.3040110e-01   8.6075362e-01  -4.3040110e-01  -8.6075362e-01
   2.7797133e+01   4.2586872e-01   8.5169040e-01  -4.2586872e-01  -8.5169040e-01
   2.7925438e+01   4.2139018e-01   8.4273478e-01  -4.2139018e-01  -8.4273478e-01
   2.8054336e+01   4.1696470e-01   8.3388524e-01  -4.1696470e-01  -8.3388524e-01
   2.8183829e+01   4.1259153e-01   8.2514027e-01  -4.1259153e-01  -8.2514027e-01
   2.8313920e+01   4.0826992e-01   8.1649839e-01  -4.0826992e-01  -8.1649839e-01
   2.8444611e+01   4.0399916e-01   8.0795816e-01  -4.0399916e-01  -8.0795816e-01
   2.8575905e+01   3.9977853e-01   7.9951814e-01  -3.9977853e-01  -7.9951814e-01
   2.8707806e+01   3.9560733e-01   7.9117694e-01  -3.9560733e-01  -7.9117694e-01
   2.8840315e+01   3.9148486e-01   7.8293318e-01  -3.9148486e-01  -7.8293318e-01
   2.8973436e+01   3.8741046e-01   7.7478549e-01  -3.8741046e-01  -7.7478549e-01
   2.9107171e+01   3.8338345e-01   7.6673257e-01  -3.8338345e-01  -7.6673257e-01
   2.9241524e+01   3.7940318e-01   7.5877309e-01  -3.7940318e-01  -7.5877309e-01
   2.9376497e+01   3.7546901e-01   7.5090577e-01  -3.7546901e-01  -7.5090577e-01
   2.9512092e+01   3.7158030e-01   7.4312934e-01  -3.7158030e-01  -7.4312934e-01
   2.9648314e+01   3.6773644e-01   7.3544258e-01  -3.6773644e-01  -7.3544258e-01
   2.9785164e+01   3.6393681e-01   7.2784425e-01  -3.6393681e-01  -7.2784425e-01
   2.9922646e+01   3.6018081e-01   7.2033315e-01  -3.6018081e-01  -7.2033315e-01
   3.0060763e+01   3.5646785e-01   7.1290811e-01  -3.5646785e-01  -7.1290811e-01
   3.0199517e+01   3.5279736e-01   7.0556796e-01  -3.5279736e-01  -7.0556796e-01
   3.0338912e+01   3.4916875e-01   6.9831157e-01  -3.4916875e-01  -6.9831157e-01
   3.0478950e+01   3.4558147e-01   6.9113780e-01  -3.4558147e-01  -6.9113780e-01
   3.0619634e+01   3.4203497e-01   6.8404556e-01  -3.4203497e-01  -6.8404556e-01
   3.0760968e+01   3.3852870e-01   6.7703376e-01  -3.3852870e-01  -6.7703376e-01
   3.0902954e+01   3.3506212e-01   6.7010133e-01  -3.3506212e-01  -6.7010133e-01
   3.1045596e+01   3.3163472e-01   6.6324722e-01  -3.3163472e-01  -6.6324722e-01
   3.1188896e+01   3.2824597e-01   6.5647040e-01  -3.2824597e-01  -6.5647040e-01
   3.1332857e+01   3.2489537e-01   6.4976985e-01  -3.2489537e-01  -6.4976985e-01
   3.1477483e+01   3.2158242e-01   6.4314457e-01  -3.2158242e-01  -6.4314457e-01
   3.1622777e+01   3.1830661e-01   6.3659358e-01  -3.1830661e-01  -6.3659358e-01
   3.1768741e+01   3.1506747e-01   6.3011589e-01  -3.1506747e-01  -6.3011589e-01
   3.1915379e+01   3.1186453e-01   6.2371058e-01  -3.1186453e-01  -6.2371058e-01
   3.2062693e+01   3.0869730e-01   6.1737668e-01  -3.0869730e-01  -6.1737668e-01
   3.2210688e+01   3.0556533e-01   6.1111328e-01  -3.0556533e-01  -6.1111328e-01
   3.2359366e+01   3.0246817e-01   6.0491948e-01  -3.0246817e-01  -6.0491948e-01
   3.2508730e+01   2.9940536e-01   5.9879437e-01  -2.9940536e-01  -5.9879437e-01
   3.2658783e+01   2.9637647e-01   5.9273707e-01  -2.9637647e-01  -5.9273707e-01
   3.2809529e+01   2.9338105e-01   5.8674672e-01  -2.9338105e-01  -5.8674672e-01
   3.2960971e+01   2.9041870e-01   5.8082247e-01  -2.9041870e-01  -5.8082247e-01
   3.3113112e+01   2.8748897e-01   5.7496347e-01  -2.8748897e-01  -5.7496347e-01
   3.3265955e+01   2.8459147e-01   5.6916890e-01  -2.8459147e-01  -5.6916890e-01
   3.3419504e+01   2.8172578e-01   5.6343793e-01  -2.8172578e-01  -5.6343793e-01
   3.3573761e+01   2.7889150e-01   5.5776978e-01  -2.7889150e-01  -5.5776978e-01
   3.3728731e+01   2.7608823e-01   5.5216364e-01  -2.7608823e-01  -5.5216364e-01
   3.3884416e+01   2.7331559e-01   5.4661874e-01  -2.7331559e-01  -5.4661874e-01
   3.4040819e+01   2.7057319e-01   5.4113431e-01  -2.7057319e-01  -5.4113431e-01
   3.4197944e+01   2.6786066e-01   5.3570961e-01  -2.6786066e-01  -5.3570961e-01
   3.4355795e+01   2.6517762e-01   5.3034387e-01  -2.6517762e-01  -5.3034387e-01
   3.4514374e+01   2.6252370e-01   5.2503638e-01  -2.6252370e-01  -5.2503638e-01
   3.4673685e+01   2.5989855e-01   5.1978641e-01  -2.5989855e-01  -5.1978641e-01
   3.4833732e+01   2.5730181e-01   5.1459325e-01  -2.5730181e-01  -5.1459325e-01
   3.4994517e+01   2.5473313e-01   5.0945620e-01  -2.5473313e-01  -5.0945620e-01
   3.5156044e+01   2.5219217e-01   5.0437457e-01  -2.5219217e-01  -5.0437457e-01
   3.5318317e+01   2.4967858e-01   4.9934767e-01  -2.4967858e-01  -4.9934767e-01
   3.5481339e+01   2.4719203e-01   4.9437485e-01  -2.4719203e-01  -4.9437485e-01
   3.5645113e+01   2.4473218e-01   4.8945543e-01  -2.4473218e-01  -4.8945543e-01
   3.5809644e+01   2.4229872e-01   4.8458878e-01  -2.4229872e-01  -4.8458878e-01
   3.5974934e+01   2.3989133e-01   4.7977424e-01  -2.3989133e-01  -4.7977424e-01
   3.6140986e+01   2.3750968e-01   4.7501119e-01  -2.3750968e-01  -4.7501119e-01
   3.6307805e+01   2.3515346e-01   4.7029900e-01  -2.3515346e-01  -4.7029900e-01
   3.6475395e+01   2.3282238e-01   4.6563706e-01  -2.3282238e-01  -4.6563706e-01
   3.6643757e+01   2.3051612e-01   4.6102477e-01  -2.3051612e-01  -4.6102477e-01
   3.6812897e+01   2.2823438e-01   4.5646153e-01  -2.2823438e-01  -4.5646153e-01
   3.6982818e+01   2.2597689e-01   4.5194674e-01  -2.2597689e-01  -4.5194674e-01
   3.7153523e+01   2.2374333e-01   4.4747984e-01  -2.2374333e-01  -4.4747984e-01
   3.7325016e+01   2.2153344e-01   4.4306025e-01  -2.2153344e-01  -4.4306025e-01
   3.7497300e+01   2.1934692e-01   4.3868740e-01  -2.1934692e-01  -4.3868740e-01
   3.7670380e+01   2.1718350e-01   4.3436075e-01  -2.1718350e-01  -4.3436075e-01
   3.7844258e+01   2.1504290e-01   4.3007975e-01  -2.1504290e-01  -4.3007975e-01
   3.8018940e+01   2.1292486e-01   4.2584384e-01  -2.1292486e-01  -4.2584384e-01
   3.8194427e+01   2.1082911e-01   4.2165252e-01  -2.1082911e-01  -4.2165252e-01
   3.8370725e+01   2.0875539e-01   4.1750524e-01  -2.0875539e-01  -4.1750524e-01
   3.8547836e+01   2.0670343e-01   4.1340148e-01  -2.0670343e-01  -4.1340148e-01
   3.8725764e+01   2.0467299e-01   4.0934075e-01  -2.0467299e-01  -4.0934075e-01
   3.8904514e+01   2.0266381e-01   4.0532254e-01  -2.0266381e-01  -4.0532254e-01
   3.9084090e+01   2.0067564e-01   4.0134635e-01  -2.0067564e-01  -4.0134635e-01
   3.9264494e+01   1.9870823e-01   3.9741169e-01  -1.9870823e-01  -3.9741169e-01
   3.9445730e+01   1.9676136e-01   3.9351807e-01  -1.9676136e-01  -3.9351807e-01
   3.9627803e+01   1.9483477e-01   3.8966503e-01  -1.9483477e-01  -3.8966503e-01
   3.9810717e+01   1.9292823e-01   3.8585208e-01  -1.9292823e-01  -3.8585208e-01
   3.9994475e+01   1.9104151e-01   3.8207878e-01  -1.9104151e-01  -3.8207878e-01
   4.0179081e+01   1.8917439e-01   3.7834466e-01  -1.8917439e-01  -3.7834466e-01
   4.0364539e+01   1.8732663e-01   3.7464926e-01  -1.8732663e-01  -3.7464926e-01
   4.0550854e+01   1.8549802e-01   3.7099215e-01  -1.8549802e-01  -3.7099215e-01
   4.0738028e+01   1.8368833e-01   3.6737289e-01  -1.8368833e-01  -3.6737289e-01
   4.0926066e+01   1.8189735e-01   3.6379103e-01  -1.8189735e-01  -3.6379103e-01
   4.1114972e+01   1.8012486e-01   3.6024616e-01  -1.8012486e-01  -3.6024616e-01
   4.1304750e+01   1.7837066e-01   3.5673786e-01  -1.7837066e-01  -3.5673786e-01
   4.1495404e+01   1.7663453e-01   3.5326570e-01  -1.7663453e-01  -3.5326570e-01
   4.1686938e+01   1.7491627e-01   3.4982927e-01  -1.7491627e-01  -3.4982927e-01
   4.1879357e+01   1.7321567e-01   3.4642818e-01  -1.7321567e-01  -3.4642818e-01
   4.2072663e+01   1.7153255e-01   3.4306202e-01  -1.7153255e-01  -3.4306202e-01
   4.2266861e+01   1.6986669e-01   3.3973039e-01  -1.6986669e-01  -3.3973039e-01
   4.2461956e+01   1.6821790e-01   3.3643291e-01  -1.6821790e-01  -3.3643291e-01
   4.2657952e+01   1.6658600e-01   3.3316919e-01  -1.6658600e-01  -3.3316919e-01
   4.2854852e+01   1.6497079e-01   3.2993885e-01  -1.6497079e-01  -3.2993885e-01
   4.3052661e+01   1.6337209e-01   3.2674152e-01  -1.6337209e-01  -3.2674152e-01
   4.3251383e+01   1.6178970e-01   3.2357682e-01  -1.6178970e-01  -3.2357682e-01
   4.3451022e+01   1.6022345e-01   3.2044440e-01  -1.6022345e-01  -3.2044440e-01
   4.3651583e+01   1.5867316e-01   3.1734389e-01  -1.5867316e-01  -3.1734389e-01
   4.3853070e+01   1.5713865e-01   3.1427494e-01  -1.5713865e-01  -3.1427494e-01
   4.4055486e+01   1.5561975e-01   3.1123720e-01  -1.5561975e-01  -3.1123720e-01
   4.4258837e+01   1.5411627e-01   3.0823031e-01  -1.5411627e-01  -3.0823031e-01
   4.4463127e+01   1.5262805e-01   3.0525394e-01  -1.5262805e-01  -3.0525394e-01
   4.4668359e+01   1.5115492e-01   3.0230775e-01  -1.5115492e-01  -3.0230775e-01
   4.4874539e+01   1.4969672e-01   2.9939140e-01  -1.4969672e-01  -2.9939140e-01
   4.5081670e+01   1.4825328e-01   2.9650457e-01  -1.4825328e-01  -2.9650457e-01
   4.5289758e+01   1.4682443e-01   2.9364693e-01  -1.4682443e-01  -2.9364693e-01
   4.5498806e+01   1.4541001e-01   2.9081816e-01  -1.4541001e-01  -2.9081816e-01
   4.5708819e+01   1.4400988e-01   2.8801794e-01  -1.4400988e-01  -2.8801794e-01
   4.5919801e+01   1.4262386e-01   2.8524596e-01  -1.4262386e-01  -2.8524596e-01
   4.6131757e+01   1.4125181e-01   2.8250191e-01  -1.4125181e-01  -2.8250191e-01
   4.6344692e+01   1.3989358e-01   2.7978548e-01  -1.3989358e-01  -2.7978548e-01
   4.6558609e+01   1.3854900e-01   2.7709638e-01  -1.3854900e-01  -2.7709638e-01
   4.6773514e+01   1.3721794e-01   2.7443431e-01  -1.3721794e-01  -2.7443431e-01
   4.6989411e+01   1.3590025e-01   2.7179896e-01  -1.3590025e-01  -2.7179896e-01
   4.7206304e+01   1.3459577e-01   2.6919006e-01  -1.3459577e-01  -2.6919006e-01
   4.7424199e+01   1.3330437e-01   2.6660731e-01  -1.3330437e-01  -2.6660731e-01
   4.7643099e+01   1.3202591e-01   2.6405043e-01  -1.3202591e-01  -2.6405043e-01
   4.7863009e+01   1.3076025e-01   2.6151914e-01  -1.3076025e-01  -2.6151914e-01
   4.8083935e+01   1.2950724e-01   2.5901316e-01  -1.2950724e-01  -2.5901316e-01
   4.8305880e+01   1.2826676e-01   2.5653223e-01  -1.2826676e-01  -2.5653223e-01
   4.8528850e+01   1.2703866e-01   2.5407606e-01  -1.2703866e-01  -2.5407606e-01
   4.8752849e+01   1.2582281e-01   2.5164440e-01  -1.2582281e-01  -2.5164440e-01
   4.8977882e+01   1.2461908e-01   2.4923698e-01  -1.2461908e-01  -2.4923698e-01
   4.9203954e+01   1.2342735e-01   2.4685355e-01  -1.2342735e-01  -2.4685355e-01
   4.9431069e+01   1.2224747e-01   2.4449383e-01  -1.2224747e-01  -2.4449383e-01
   4.9659232e+01   1.2107934e-01   2.4215759e-01  -1.2107934e-01  -2.4215759e-01
   4.9888449e+01   1.1992281e-01   2.3984457e-01  -1.1992281e-01  -2.3984457e-01
   5.0118723e+01   1.1877777e-01   2.3755452e-01  -1.1877777e-01  -2.3755452e-01
   5.0350061e+01   1.1764409e-01   2.3528719e-01  -1.1764409e-01  -2.3528719e-01
   5.0582466e+01   1.1652166e-01   2.3304235e-01  -1.1652166e-01  -2.3304235e-01
   5.0815944e+01   1.1541035e-01   2.3081976e-01  -1.1541035e-01  -2.3081976e-01
   5.1050500e+01   1.1431004e-01   2.2861917e-01  -1.1431004e-01  -2.2861917e-01
   5.1286138e+01   1.1322063e-01   2.2644037e-01  -1.1322063e-01  -2.2644037e-01
   5.1522864e+01   1.1214198e-01   2.2428311e-01  -1.1214198e-01  -2.2428311e-01
   5.1760683e+01   1.1107400e-01   2.2214716e-01  -1.1107400e-01  -2.2214716e-01
   5.1999600e+01   1.1001656e-01   2.2003231e-01  -1.1001656e-01  -2.2003231e-01
   5.2239619e+01   1.0896956e-01   2.1793833e-01  -1.0896956e-01  -2.1793833e-01
   5.2480746e+01   1.0793288e-01   2.1586500e-01  -1.0793288e-01  -2.1586500e-01
   5.2722986e+01   1.0690642e-01   2.1381211e-01  -1.0690642e-01  -2.1381211e-01
   5.2966344e+01   1.0589008e-01   2.1177943e-01  -1.0589008e-01  -2.1177943e-01
   5.3210826e+01   1.0488373e-01   2.0976675e-01  -1.0488373e-01  -2.0976675e-01
   5.3456436e+01   1.0388728e-01   2.0777388e-01  -1.0388728e-01  -2.0777388e-01
   5.3703180e+01   1.0290063e-01   2.0580059e-01  -1.0290063e-01  -2.0580059e-01
   5.3951062e+01   1.0192367e-01   2.0384669e-01  -1.0192367e-01  -2.0384669e-01
   5.4200089e+01   1.0095630e-01   2.0191197e-01  -1.0095630e-01  -2.0191197e-01
   5.4450265e+01   9.9998418e-02   1.9999623e-01  -9.9998418e-02  -1.9999623e-01
   5.4701596e+01   9.9049931e-02   1.9809927e-01  -9.9049931e-02  -1.9809927e-01
   5.4954087e+01   9.8110738e-02   1.9622090e-01  -9.8110738e-02  -1.9622090e-01
   5.5207744e+01   9.7180742e-02   1.9436093e-01  -9.7180742e-02  -1.9436093e-01
   5.5462571e+01   9.6259848e-02   1.9251915e-01  -9.6259848e-02  -1.9251915e-01
   5.5718575e+01   9.5347962e-02   1.9069540e-01  -9.5347962e-02  -1.9069540e-01
   5.5975760e+01   9.4444989e-02   1.8888947e-01  -9.4444989e-02  -1.8888947e-01
   5.6234133e+01   9.3550839e-02   1.8710118e-01  -9.3550839e-02  -1.8710118e-01
   5.6493697e+01   9.2665418e-02   1.8533035e-01  -9.2665418e-02  -1.8533035e-01
   5.6754461e+01   9.1788638e-02   1.8357680e-01  -9.1788638e-02  -1.8357680e-01
   5.7016427e+01   9.0920408e-02   1.8184036e-01  -9.0920408e-02  -1.8184036e-01
   5.7279603e+01   9.0060642e-02   1.8012084e-01  -9.0060642e-02  -1.8012084e-01
   5.7543994e+01   8.9209250e-02   1.7841807e-01  -8.9209250e-02  -1.7841807e-01
   5.7809605e+01   8.8366148e-02   1.7673188e-01  -8.8366148e-02  -1.7673188e-01
   5.8076442e+01   8.7531251e-02   1.7506209e-01  -8.7531251e-02  -1.7506209e-01
   5.8344510e+01   8.6704473e-02   1.7340855e-01  -8.6704473e-02  -1.7340855e-01
   5.8613816e+01   8.5885731e-02   1.7177108e-01  -8.5885731e-02  -1.7177108e-01
   5.8884366e+01   8.5074944e-02   1.7014951e-01  -8.5074944e-02  -1.7014951e-01
   5.9156163e+01   8.4272029e-02   1.6854369e-01  -8.4272029e-02  -1.6854369e-01
   5.9429216e+01   8.3476907e-02   1.6695346e-01  -8.3476907e-02  -1.6695346e-01
   5.9703529e+01   8.2689497e-02   1.6537865e-01  -8.2689497e-02  -1.6537865e-01
   5.9979108e+01   8.1909720e-02   1.6381911e-01  -8.1909720e-02  -1.6381911e-01
   6.0255959e+01   8.1137500e-02   1.6227467e-01  -8.1137500e-02  -1.6227467e-01
   6.0534087e+01   8.0372758e-02   1.6074520e-01  -8.0372758e-02  -1.6074520e-01
   6.0813500e+01   7.9615419e-02   1.5923053e-01  -7.9615419e-02  -1.5923053e-01
   6.1094202e+01   7.8865407e-02   1.5773052e-01  -7.8865407e-02  -1.5773052e-01
   6.1376201e+01   7.8122649e-02   1.5624501e-01  -7.8122649e-02  -1.5624501e-01
   6.1659500e+01   7.7387069e-02   1.5477386e-01  -7.7387069e-02  -1.5477386e-01
   6.1944108e+01   7.6658596e-02   1.5331692e-01  -7.6658596e-02  -1.5331692e-01
   6.2230029e+01   7.5937157e-02   1.5187405e-01  -7.5937157e-02  -1.5187405e-01
   6.2517269e+01   7.5222681e-02   1.5044510e-01  -7.5222681e-02  -1.5044510e-01
   6.2805836e+01   7.4515098e-02   1.4902994e-01  -7.4515098e-02  -1.4902994e-01
   6.3095734e+01   7.3814338e-02   1.4762843e-01  -7.3814338e-02  -1.4762843e-01
   6.3386971e+01   7.3120332e-02   1.4624043e-01  -7.3120332e-02  -1.4624043e-01
   6.3679552e+01   7.2433012e-02   1.4486579e-01  -7.2433012e-02  -1.4486579e-01
   6.3973484e+01   7.1752310e-02   1.4350440e-01  -7.1752310e-02  -1.4350440e-01
   6.4268772e+01   7.1078161e-02   1.4215610e-01  -7.1078161e-02  -1.4215610e-01
   6.4565423e+01   7.0410497e-02   1.4082078e-01  -7.0410497e-02  -1.4082078e-01
   6.4863443e+01   6.9749253e-02   1.3949830e-01  -6.9749253e-02  -1.3949830e-01
   6.5162839e+01   6.9094366e-02   1.3818853e-01  -6.9094366e-02  -1.3818853e-01
   6.5463617e+01   6.8445771e-02   1.3689135e-01  -6.8445771e-02  -1.3689135e-01
   6.5765784e+01   6.7803405e-02   1.3560662e-01  -6.7803405e-02  -1.3560662e-01
   6.6069345e+01   6.7167206e-02   1.3433423e-01  -6.7167206e-02  -1.3433423e-01
   6.6374307e+01   6.6537111e-02   1.3307404e-01  -6.6537111e-02  -1.3307404e-01
   6.6680677e+01   6.5913061e-02   1.3182595e-01  -6.5913061e-02  -1.3182595e-01
   6.6988461e+01   6.5294993e-02   1.3058982e-01  -6.5294993e-02  -1.3058982e-01
   6.7297666e+01   6.4682850e-02   1.2936553e-01  -6.4682850e-02  -1.2936553e-01
   6.7608298e+01   6.4076570e-02   1.2815298e-01  -6.4076570e-02  -1.2815298e-01
   6.7920363e+01   6.3476097e-02   1.2695204e-01  -6.3476097e-02  -1.2695204e-01
   6.8233869e+01   6.2881371e-02   1.2576259e-01  -6.2881371e-02  -1.2576259e-01
   6.8548823e+01   6.2292336e-02   1.2458453e-01  -6.2292336e-02  -1.2458453e-01
   6.8865230e+01   6.1708935e-02   1.2341773e-01  -6.1708935e-02  -1.2341773e-01
   6.9183097e+01   6.1131112e-02   1.2226209e-01  -6.1131112e-02  -1.2226209e-01
   6.9502432e+01   6.0558812e-02   1.2111749e-01  -6.0558812e-02  -1.2111749e-01
   6.9823240e+01   5.9991979e-02   1.1998383e-01  -5.9991979e-02  -1.1998383e-01
   7.0145530e+01   5.9430560e-02   1.1886099e-01  -5.9430560e-02  -1.1886099e-01
   7.0469307e+01   5.8874500e-02   1.1774888e-01  -5.8874500e-02  -1.1774888e-01
   7.0794578e+01   5.8323747e-02   1.1664737e-01  -5.8323747e-02  -1.1664737e-01
   7.1121351e+01   5.7778248e-02   1.1555638e-01  -5.7778248e-02  -1.1555638e-01
   7.1449633e+01   5.7237950e-02   1.1447579e-01  -5.7237950e-02  -1.1447579e-01
   7.1779429e+01   5.6702803e-02   1.1340550e-01  -5.6702803e-02  -1.1340550e-01
   7.2110748e+01   5.6172756e-02   1.1234540e-01  -5.6172756e-02  -1.1234540e-01
   7.2443596e+01   5.5647758e-02   1.1129541e-01  -5.5647758e-02  -1.1129541e-01
   7.2777980e+01   5.5127759e-02   1.1025542e-01  -5.5127759e-02  -1.1025542e-01
   7.3113908e+01   5.4612710e-02   1.0922532e-01  -5.4612710e-02  -1.0922532e-01
   7.3451387e+01   5.4102562e-02   1.0820503e-01  -5.4102562e-02  -1.0820503e-01
   7.3790423e+01   5.3597267e-02   1.0719444e-01  -5.3597267e-02  -1.0719444e-01
   7.4131024e+01   5.3096777e-02   1.0619346e-01  -5.3096777e-02  -1.0619346e-01
   7.4473197e+01   5.2601045e-02   1.0520200e-01  -5.2601045e-02  -1.0520200e-01
   7.4816950e+01   5.2110024e-02   1.0421996e-01  -5.2110024e-02  -1.0421996e-01
   7.5162289e+01   5.1623668e-02   1.0324725e-01  -5.1623668e-02  -1.0324725e-01
   7.5509223e+01   5.1141930e-02   1.0228378e-01  -5.1141930e-02  -1.0228378e-01
   7.5857758e+01   5.0664766e-02   1.0132945e-01  -5.0664766e-02  -1.0132945e-01
   7.6207901e+01   5.0192131e-02   1.0038419e-01  -5.0192131e-02  -1.0038419e-01
   7.6559661e+01   4.9723980e-02   9.9447885e-02  -4.9723980e-02  -9.9447885e-02
   7.6913044e+01   4.9260269e-02   9.8520466e-02  -4.9260269e-02  -9.8520466e-02
   7.7268059e+01   4.8800955e-02   9.7601840e-02  -4.8800955e-02  -9.7601840e-02
   7.7624712e+01   4.8345995e-02   9.6691922e-02  -4.8345995e-02  -9.6691922e-02
   7.7983011e+01   4.7895346e-02   9.5790626e-02  -4.7895346e-02  -9.5790626e-02
   7.8342964e+01   4.7448967e-02   9.4897868e-02  -4.7448967e-02  -9.4897868e-02
   7.8704579e+01   4.7006814e-02   9.4013565e-02  -4.7006814e-02  -9.4013565e-02
   7.9067863e+01   4.6568848e-02   9.3137634e-02  -4.6568848e-02  -9.3137634e-02
   7.9432823e+01   4.6135027e-02   9.2269993e-02  -4.6135027e-02  -9.2269993e-02
   7.9799469e+01   4.5705310e-02   9.1410562e-02  -4.5705310e-02  -9.1410562e-02
   8.0167806e+01   4.5279659e-02   9.0559260e-02  -4.5279659e-02  -9.0559260e-02
   8.0537844e+01   4.4858032e-02   8.9716009e-02  -4.4858032e-02  -8.9716009e-02
   8.0909590e+01   4.4440392e-02   8.8880730e-02  -4.4440392e-02  -8.8880730e-02
   8.1283052e+01   4.4026698e-02   8.8053345e-02  -4.4026698e-02  -8.8053345e-02
   8.1658237e+01   4.3616914e-02   8.7233777e-02  -4.3616914e-02  -8.7233777e-02
   8.2035154e+01   4.3211000e-02   8.6421951e-02  -4.3211000e-02  -8.6421951e-02
   8.2413812e+01   4.2808919e-02   8.5617791e-02  -4.2808919e-02  -8.5617791e-02
   8.2794216e+01   4.2410635e-02   8.4821223e-02  -4.2410635e-02  -8.4821223e-02
   8.3176377e+01   4.2016109e-02   8.4032173e-02  -4.2016109e-02  -8.4032173e-02
   8.3560302e+01   4.1625306e-02   8.3250569e-02  -4.1625306e-02  -8.3250569e-02
   8.3945999e+01   4.1238190e-02   8.2476337e-02  -4.1238190e-02  -8.2476337e-02
   8.4333476e+01   4.0854724e-02   8.1709407e-02  -4.0854724e-02  -8.1709407e-02
   8.4722741e+01   4.0474874e-02   8.0949708e-02  -4.0474874e-02  -8.0949708e-02
   8.5113804e+01   4.0098605e-02   8.0197170e-02  -4.0098605e-02  -8.0197170e-02
   8.5506671e+01   3.9725881e-02   7.9451723e-02  -3.9725881e-02  -7.9451723e-02
   8.5901352e+01   3.9356668e-02   7.8713299e-02  -3.9356668e-02  -7.8713299e-02
   8.6297855e+01   3.8990933e-02   7.7981830e-02  -3.8990933e-02  -7.7981830e-02
   8.6696188e+01   3.8628642e-02   7.7257249e-02  -3.8628642e-02  -7.7257249e-02
   8.7096359e+01   3.8269762e-02   7.6539489e-02  -3.8269762e-02  -7.6539489e-02
   8.7498378e+01   3.7914259e-02   7.5828485e-02  -3.7914259e-02  -7.5828485e-02
   8.7902252e+01   3.7562102e-02   7.5124171e-02  -3.7562102e-02  -7.5124171e-02
   8.8307990e+01   3.7213257e-02   7.4426483e-02  -3.7213257e-02  -7.4426483e-02
   8.8715601e+01   3.6867693e-02   7.3735356e-02  -3.6867693e-02  -7.3735356e-02
   8.9125094e+01   3.6525379e-02   7.3050728e-02  -3.6525379e-02  -7.3050728e-02
   8.9536477e+01   3.6186282e-02   7.2372536e-02  -3.6186282e-02  -7.2372536e-02
   8.9949758e+01   3.5850373e-02   7.1700718e-02  -3.5850373e-02  -7.1700718e-02
   9.0364947e+01   3.5517620e-02   7.1035213e-02  -3.5517620e-02  -7.1035213e-02
   9.0782053e+01   3.5187993e-02   7.0375959e-02  -3.5187993e-02  -7.0375959e-02
   9.1201084e+01   3.4861462e-02   6.9722898e-02  -3.4861462e-02  -6.9722898e-02
   9.1622049e+01   3.4537997e-02   6.9075968e-02  -3.4537997e-02  -6.9075968e-02
   9.2044957e+01   3.4217568e-02   6.8435112e-02  -3.4217568e-02  -6.8435112e-02
   9.2469817e+01   3.3900148e-02   6.7800272e-02  -3.3900148e-02  -6.7800272e-02
   9.2896639e+01   3.3585706e-02   6.7171388e-02  -3.3585706e-02  -6.7171388e-02
   9.3325430e+01   3.3274214e-02   6.6548405e-02  -3.3274214e-02  -6.6548405e-02
   9.3756201e+01   3.2965644e-02   6.5931265e-02  -3.2965644e-02  -6.5931265e-02
   9.4188960e+01   3.2659967e-02   6.5319913e-02  -3.2659967e-02  -6.5319913e-02
   9.4623716e+01   3.2357157e-02   6.4714293e-02  -3.2357157e-02  -6.4714293e-02
   9.5060479e+01   3.2057185e-02   6.4114351e-02  -3.2057185e-02  -6.4114351e-02
   9.5499259e+01   3.1760025e-02   6.3520031e-02  -3.1760025e-02  -6.3520031e-02
   9.5940063e+01   3.1465649e-02   6.2931280e-02  -3.1465649e-02  -6.2931280e-02
   9.6382902e+01   3.1174031e-02   6.2348044e-02  -3.1174031e-02  -6.2348044e-02
   9.6827786e+01   3.0885145e-02   6.1770272e-02  -3.0885145e-02  -6.1770272e-02
   9.7274722e+01   3.0598964e-02   6.1197910e-02  -3.0598964e-02  -6.1197910e-02
   9.7723722e+01   3.0315462e-02   6.0630908e-02  -3.0315462e-02  -6.0630908e-02
   9.8174794e+01   3.0034615e-02   6.0069213e-02  -3.0034615e-02  -6.0069213e-02
   9.8627949e+01   2.9756396e-02   5.9512775e-02  -2.9756396e-02  -5.9512775e-02
   9.9083194e+01   2.9480780e-02   5.8961544e-02  -2.9480780e-02  -5.8961544e-02
   9.9540542e+01   2.9207743e-02   5.8415471e-02  -2.9207743e-02  -5.8415471e-02
   1.0000000e+02   2.8937260e-02   5.7874505e-02  -2.8937260e-02  -5.7874505e-02
