   1.0000000e+01   2.1198921e+03  -2.3807689e+02
   1.0062277e+01   2.0718461e+03  -2.3819181e+02
   1.0124942e+01   2.0246623e+03  -2.3830621e+02
   1.0187997e+01   1.9783267e+03  -2.3842007e+02
   1.0251445e+01   1.9328255e+03  -2.3853339e+02
   1.0315288e+01   1.8881453e+03  -2.3864616e+02
   1.0379529e+01   1.8442726e+03  -2.3875838e+02
   1.0444170e+01   1.8011944e+03  -2.3887005e+02
   1.0509213e+01   1.7588977e+03  -2.3898116e+02
   1.0574661e+01   1.7173698e+03  -2.3909171e+02
   1.0640517e+01   1.6765981e+03  -2.3920169e+02
   1.0706783e+01   1.6365703e+03  -2.3931109e+02
   1.0773462e+01   1.5972741e+03  -2.3941993e+02
   1.0840556e+01   1.5586976e+03  -2.3952818e+02
   1.0908068e+01   1.5208290e+03  -2.3963585e+02
   1.0976000e+01   1.4836567e+03  -2.3974293e+02
   1.1044356e+01   1.4471691e+03  -2.3984942e+02
   1.1113137e+01   1.4113551e+03  -2.3995532e+02
   1.1182346e+01   1.3762034e+03  -2.4006062e+02
   1.1251986e+01   1.3417032e+03  -2.4016532e+02
   1.1322061e+01   1.3078437e+03  -2.4026941e+02
   1.1392571e+01   1.2746143e+03  -2.4037289e+02
   1.1463521e+01   1.2420044e+03  -2.4047576e+02
   1.1534912e+01   1.2100039e+03  -2.4057802e+02
   1.1606748e+01   1.1786025e+03  -2.4067966e+02
   1.1679032e+01   1.1477904e+03  -2.4078067e+02
   1.1751766e+01   1.1175576e+03  -2.4088106e+02
   1.1824952e+01   1.0878945e+03  -2.4098082e+02
   1.1898595e+01   1.0587915e+03  -2.4107995e+02
   1.1972696e+01   1.0302393e+03  -2.4117845e+02
   1.2047258e+01   1.0022287e+03  -2.4127631e+02
   1.2122285e+01   9.7475046e+02  -2.4137353e+02
   1.2197779e+01   9.4779571e+02  -2.4147010e+02
   1.2273743e+01   9.2135562e+02  -2.4156603e+02
   1.2350181e+01   8.9542149e+02  -2.4166132e+02
   1.2427094e+01   8.6998477e+02  -2.4175595e+02
   1.2504486e+01   8.4503704e+02  -2.4184993e+02
   1.2582361e+01   8.2057002e+02  -2.4194325e+02
   1.2660720e+01   7.9657554e+02  -2.4203591e+02
   1.2739567e+01   7.7304558e+02  -2.4212791e+02
   1.2818906e+01   7.4997221e+02  -2.4221925e+02
   1.2898738e+01   7.2734766e+02  -2.4230993e+02
   1.2979068e+01   7.0516426e+02  -2.4239993e+02
   1.3059898e+01   6.8341446e+02  -2.4248927e+02
   1.3141231e+01   6.6209083e+02  -2.4257793e+02
   1.3223071e+01   6.4118607e+02  -2.4266592e+02
   1.3305420e+01   6.2069298e+02  -2.4275323e+02
   1.3388282e+01   6.0060447e+02  -2.4283987e+02
   1.3471661e+01   5.8091357e+02  -2.4292582e+02
   1.3555558e+01   5.6161342e+02  -2.4301109e+02
   1.3639979e+01   5.4269726e+02  -2.4309568e+02
   1.3724924e+01   5.2415844e+02  -2.4317958e+02
   1.3810399e+01   5.0599042e+02  -2.4326279e+02
   1.3896406e+01   4.8818676e+02  -2.4334531e+02
   1.3982949e+01   4.7074113e+02  -2.4342714e+02
   1.4070031e+01   4.5364727e+02  -2.4350828e+02
   1.4157655e+01   4.3689906e+02  -2.4358872e+02
   1.4245825e+01   4.2049045e+02  -2.4366847e+02
   1.4334544e+01   4.0441550e+02  -2.4374752e+02
   1.4423815e+01   3.8866836e+02  -2.4382587e+02
   1.4513643e+01   3.7324327e+02  -2.4390352e+02
   1.4604029e+01   3.5813458e+02  -2.4398046e+02
   1.4694979e+01   3.4333671e+02  -2.4405670e+02
   1.4786495e+01   3.2884416e+02  -2.4413224e+02
   1.4878581e+01   3.1465155e+02  -2.4420707e+02
   1.4971241e+01   3.0075356e+02  -2.4428119e+02
   1.5064477e+01   2.8714497e+02  -2.4435461e+02
   1.5158294e+01   2.7382065e+02  -2.4442732e+02
   1.5252696e+01   2.6077554e+02  -2.4449931e+02
   1.5347685e+01   2.4800466e+02  -2.4457058e+02
   1.5443266e+01   2.3550312e+02  -2.4464115e+02
   1.5539443e+01   2.2326610e+02  -2.4471100e+02
   1.5636218e+01   2.1128887e+02  -2.4478013e+02
   1.5733596e+01   1.9956677e+02  -2.4484855e+02
   1.5831580e+01   1.8809522e+02  -2.4491626e+02
   1.5930174e+01   1.7686971e+02  -2.4498324e+02
   1.6029383e+01   1.6588580e+02  -2.4504950e+02
   1.6129209e+01   1.5513914e+02  -2.4511504e+02
   1.6229657e+01   1.4462544e+02  -2.4517986e+02
   1.6330731e+01   1.3434047e+02  -2.4524396e+02
   1.6432434e+01   1.2428008e+02  -2.4530733e+02
   1.6534771e+01   1.1444020e+02  -2.4536999e+02
   1.6637744e+01   1.0481682e+02  -2.4543192e+02
   1.6741359e+01   9.5405972e+01  -2.4549312e+02
   1.6845620e+01   8.6203790e+01  -2.4555359e+02
   1.6950529e+01   7.7206450e+01  -2.4561334e+02
   1.7056092e+01   6.8410198e+01  -2.4567236e+02
   1.7162313e+01   5.9811341e+01  -2.4573066e+02
   1.7269195e+01   5.1406249e+01  -2.4578822e+02
   1.7376742e+01   4.3191353e+01  -2.4584506e+02
   1.7484960e+01   3.5163141e+01  -2.4590117e+02
   1.7593851e+01   2.7318164e+01  -2.4595655e+02
   1.7703420e+01   1.9653025e+01  -2.4601119e+02
   1.7813672e+01   1.2164388e+01  -2.4606510e+02
   1.7924611e+01   4.8489721e+00  -2.4611828e+02
   1.8036240e+01   2.2964483e+00  -6.6170735e+01
   1.8148564e+01   9.2750443e+00  -6.6222456e+01
   1.8261588e+01   1.6089934e+01  -6.6273446e+01
   1.8375316e+01   2.2744182e+01  -6.6323694e+01
   1.8489753e+01   2.9240803e+01  -6.6373208e+01
   1.8604901e+01   3.5582758e+01  -6.6421990e+01
   1.8720767e+01   4.1772958e+01  -6.6470039e+01
   1.8837355e+01   4.7814267e+01  -6.6517355e+01
   1.8954669e+01   5.3709498e+01  -6.6563937e+01
   1.9072713e+01   5.9461416e+01  -6.6609786e+01
   1.9191492e+01   6.5072741e+01  -6.6654897e+01
   1.9311011e+01   7.0546147e+01  -6.6699266e+01
   1.9431275e+01   7.5884257e+01  -6.6742901e+01
   1.9552287e+01   8.1089653e+01  -6.6785801e+01
   1.9674053e+01   8.6164872e+01  -6.6827966e+01
   1.9796577e+01   9.1112407e+01  -6.6869397e+01
   1.9919865e+01   9.5934707e+01  -6.6910093e+01
   2.0043920e+01   1.0063418e+02  -6.6950055e+01
   2.0168748e+01   1.0521321e+02  -6.6989268e+01
   2.0294353e+01   1.0967411e+02  -6.7027745e+01
   2.0420740e+01   1.1401916e+02  -6.7065486e+01
   2.0547915e+01   1.1825061e+02  -6.7102492e+01
   2.0675881e+01   1.2237066e+02  -6.7138763e+01
   2.0804645e+01   1.2638149e+02  -6.7174298e+01
   2.0934210e+01   1.3028523e+02  -6.7209098e+01
   2.1064582e+01   1.3408396e+02  -6.7243154e+01
   2.1195766e+01   1.3777975e+02  -6.7276463e+01
   2.1327767e+01   1.4137462e+02  -6.7309036e+01
   2.1460591e+01   1.4487055e+02  -6.7340873e+01
   2.1594241e+01   1.4826950e+02  -6.7371975e+01
   2.1728724e+01   1.5157337e+02  -6.7402341e+01
   2.1864044e+01   1.5478406e+02  -6.7431972e+01
   2.2000207e+01   1.5790340e+02  -6.7460867e+01
   2.2137218e+01   1.6093325e+02  -6.7489011e+01
   2.2275082e+01   1.6387536e+02  -6.7516419e+01
   2.2413805e+01   1.6673149e+02  -6.7543091e+01
   2.2553391e+01   1.6950336e+02  -6.7569028e+01
   2.2693848e+01   1.7219266e+02  -6.7594229e+01
   2.2835178e+01   1.7480106e+02  -6.7618696e+01
   2.2977389e+01   1.7733018e+02  -6.7642428e+01
   2.3120486e+01   1.7978165e+02  -6.7665415e+01
   2.3264473e+01   1.8215704e+02  -6.7687655e+01
   2.3409358e+01   1.8445788e+02  -6.7709160e+01
   2.3555145e+01   1.8668569e+02  -6.7729931e+01
   2.3701839e+01   1.8884197e+02  -6.7749967e+01
   2.3849447e+01   1.9092818e+02  -6.7769270e+01
   2.3997975e+01   1.9294575e+02  -6.7787838e+01
   2.4147427e+01   1.9489611e+02  -6.7805673e+01
   2.4297811e+01   1.9678064e+02  -6.7822748e+01
   2.4449130e+01   1.9860070e+02  -6.7839089e+01
   2.4601393e+01   2.0035763e+02  -6.7854697e+01
   2.4754603e+01   2.0205274e+02  -6.7869571e+01
   2.4908767e+01   2.0368732e+02  -6.7883713e+01
   2.5063892e+01   2.0526264e+02  -6.7897122e+01
   2.5219983e+01   2.0677995e+02  -6.7909798e+01
   2.5377046e+01   2.0824050e+02  -6.7921727e+01
   2.5535086e+01   2.0964550e+02  -6.7932908e+01
   2.5694112e+01   2.1099608e+02  -6.7943358e+01
   2.5854127e+01   2.1229339e+02  -6.7953075e+01
   2.6015139e+01   2.1353858e+02  -6.7962061e+01
   2.6177154e+01   2.1473276e+02  -6.7970316e+01
   2.6340178e+01   2.1587702e+02  -6.7977840e+01
   2.6504217e+01   2.1697243e+02  -6.7984633e+01
   2.6669277e+01   2.1802008e+02  -6.7990664e+01
   2.6835366e+01   2.1902097e+02  -6.7995965e+01
   2.7002489e+01   2.1997612e+02  -6.8000536e+01
   2.7170653e+01   2.2088652e+02  -6.8004377e+01
   2.7339864e+01   2.2175315e+02  -6.8007488e+01
   2.7510128e+01   2.2257698e+02  -6.8009871e+01
   2.7681454e+01   2.2335894e+02  -6.8011524e+01
   2.7853846e+01   2.2409999e+02  -6.8012429e+01
   2.8027311e+01   2.2480105e+02  -6.8012590e+01
   2.8201857e+01   2.2546296e+02  -6.8012023e+01
   2.8377490e+01   2.2608660e+02  -6.8010728e+01
   2.8554217e+01   2.2667283e+02  -6.8008706e+01
   2.8732045e+01   2.2722250e+02  -6.8005956e+01
   2.8910980e+01   2.2773642e+02  -6.8002480e+01
   2.9091029e+01   2.2821542e+02  -6.7998274e+01
   2.9272199e+01   2.2866036e+02  -6.7993305e+01
   2.9454498e+01   2.2907195e+02  -6.7987609e+01
   2.9637932e+01   2.2945095e+02  -6.7981188e+01
   2.9822509e+01   2.2979812e+02  -6.7974042e+01
   3.0008235e+01   2.3011418e+02  -6.7966171e+01
   3.0195118e+01   2.3039987e+02  -6.7957575e+01
   3.0383164e+01   2.3065589e+02  -6.7948256e+01
   3.0572382e+01   2.3088298e+02  -6.7938182e+01
   3.0762778e+01   2.3108182e+02  -6.7927364e+01
   3.0954359e+01   2.3125304e+02  -6.7915823e+01
   3.1147134e+01   2.3139729e+02  -6.7903559e+01
   3.1341109e+01   2.3151524e+02  -6.7890572e+01
   3.1536293e+01   2.3160749e+02  -6.7876864e+01
   3.1732692e+01   2.3167469e+02  -6.7862434e+01
   3.1930314e+01   2.3171744e+02  -6.7847275e+01
   3.2129167e+01   2.3173645e+02  -6.7831346e+01
   3.2329258e+01   2.3173219e+02  -6.7814696e+01
   3.2530595e+01   2.3170523e+02  -6.7797326e+01
   3.2733186e+01   2.3165614e+02  -6.7779235e+01
   3.2937039e+01   2.3158546e+02  -6.7760426e+01
   3.3142162e+01   2.3149374e+02  -6.7740897e+01
   3.3348561e+01   2.3138150e+02  -6.7720651e+01
   3.3556247e+01   2.3124938e+02  -6.7699642e+01
   3.3765225e+01   2.3109782e+02  -6.7677893e+01
   3.3975505e+01   2.3092729e+02  -6.7655427e+01
   3.4187095e+01   2.3073827e+02  -6.7632243e+01
   3.4400002e+01   2.3053124e+02  -6.7608343e+01
   3.4614236e+01   2.3030667e+02  -6.7583727e+01
   3.4829803e+01   2.3006502e+02  -6.7558396e+01
   3.5046713e+01   2.2980679e+02  -6.7532336e+01
   3.5264974e+01   2.2953250e+02  -6.7505506e+01
   3.5484594e+01   2.2924247e+02  -6.7477961e+01
   3.5705582e+01   2.2893713e+02  -6.7449702e+01
   3.5927946e+01   2.2861690e+02  -6.7420730e+01
   3.6151695e+01   2.2828217e+02  -6.7391045e+01
   3.6376837e+01   2.2793337e+02  -6.7360648e+01
   3.6603382e+01   2.2757087e+02  -6.7329541e+01
   3.6831337e+01   2.2719521e+02  -6.7297679e+01
   3.7060712e+01   2.2680668e+02  -6.7265090e+01
   3.7291515e+01   2.2640560e+02  -6.7231791e+01
   3.7523756e+01   2.2599233e+02  -6.7197783e+01
   3.7757443e+01   2.2556722e+02  -6.7163066e+01
   3.7992586e+01   2.2513063e+02  -6.7127642e+01
   3.8229193e+01   2.2468290e+02  -6.7091510e+01
   3.8467273e+01   2.2422439e+02  -6.7054646e+01
   3.8706836e+01   2.2375554e+02  -6.7016993e+01
   3.8947891e+01   2.2327653e+02  -6.6978634e+01
   3.9190447e+01   2.2278768e+02  -6.6939569e+01
   3.9434514e+01   2.2228929e+02  -6.6899798e+01
   3.9680101e+01   2.2178167e+02  -6.6859324e+01
   3.9927217e+01   2.2126510e+02  -6.6818146e+01
   4.0175872e+01   2.2073989e+02  -6.6776265e+01
   4.0426076e+01   2.2020655e+02  -6.6733603e+01
   4.0677838e+01   2.1966518e+02  -6.6690216e+01
   4.0931168e+01   2.1911601e+02  -6.6646126e+01
   4.1186075e+01   2.1855929e+02  -6.6601336e+01
   4.1442570e+01   2.1799529e+02  -6.6555845e+01
   4.1700663e+01   2.1742425e+02  -6.6509656e+01
   4.1960363e+01   2.1684643e+02  -6.6462769e+01
   4.2221680e+01   2.1626216e+02  -6.6415156e+01
   4.2484624e+01   2.1567179e+02  -6.6366781e+01
   4.2749206e+01   2.1507536e+02  -6.6317709e+01
   4.3015436e+01   2.1447311e+02  -6.6267942e+01
   4.3283323e+01   2.1386524e+02  -6.6217479e+01
   4.3552880e+01   2.1325199e+02  -6.6166323e+01
   4.3824114e+01   2.1263356e+02  -6.6114474e+01
   4.4097038e+01   2.1201017e+02  -6.6061933e+01
   4.4371662e+01   2.1138244e+02  -6.6008570e+01
   4.4647996e+01   2.1075024e+02  -6.5954487e+01
   4.4926051e+01   2.1011369e+02  -6.5899712e+01
   4.5205837e+01   2.0947298e+02  -6.5844247e+01
   4.5487366e+01   2.0882829e+02  -6.5788092e+01
   4.5770648e+01   2.0817982e+02  -6.5731249e+01
   4.6055695e+01   2.0752775e+02  -6.5673719e+01
   4.6342516e+01   2.0687230e+02  -6.5615448e+01
   4.6631124e+01   2.0621374e+02  -6.5556391e+01
   4.6921529e+01   2.0555208e+02  -6.5496646e+01
   4.7213743e+01   2.0488750e+02  -6.5436215e+01
   4.7507777e+01   2.0422015e+02  -6.5375100e+01
   4.7803641e+01   2.0355019e+02  -6.5313301e+01
   4.8101349e+01   2.0287778e+02  -6.5250820e+01
   4.8400910e+01   2.0220307e+02  -6.5187659e+01
   4.8702337e+01   2.0152680e+02  -6.5123732e+01
   4.9005641e+01   2.0084862e+02  -6.5059114e+01
   4.9310834e+01   2.0016857e+02  -6.4993817e+01
   4.9617928e+01   1.9948679e+02  -6.4927843e+01
   4.9926934e+01   1.9880342e+02  -6.4861193e+01
   5.0237864e+01   1.9811858e+02  -6.4793868e+01
   5.0550731e+01   1.9743240e+02  -6.4725871e+01
   5.0865547e+01   1.9674525e+02  -6.4657158e+01
   5.1182323e+01   1.9605739e+02  -6.4587710e+01
   5.1501072e+01   1.9536856e+02  -6.4517590e+01
   5.1821805e+01   1.9467888e+02  -6.4446802e+01
   5.2144537e+01   1.9398846e+02  -6.4375345e+01
   5.2469278e+01   1.9329742e+02  -6.4303221e+01
   5.2796041e+01   1.9260584e+02  -6.4230433e+01
   5.3124840e+01   1.9191385e+02  -6.4156981e+01
   5.3455686e+01   1.9122250e+02  -6.4082420e+01
   5.3788593e+01   1.9053102e+02  -6.4007156e+01
   5.4123572e+01   1.8983944e+02  -6.3931221e+01
   5.4460638e+01   1.8914786e+02  -6.3854617e+01
   5.4799804e+01   1.8845636e+02  -6.3777346e+01
   5.5141081e+01   1.8776503e+02  -6.3699408e+01
   5.5484484e+01   1.8707397e+02  -6.3620806e+01
   5.5830025e+01   1.8638243e+02  -6.3541522e+01
   5.6177718e+01   1.8569034e+02  -6.3461552e+01
   5.6527577e+01   1.8499872e+02  -6.3380919e+01
   5.6879615e+01   1.8430765e+02  -6.3299624e+01
   5.7233844e+01   1.8361721e+02  -6.3217667e+01
   5.7590280e+01   1.8292747e+02  -6.3135050e+01
   5.7948936e+01   1.8223850e+02  -6.3051775e+01
   5.8309825e+01   1.8155037e+02  -6.2967843e+01
   5.8672962e+01   1.8086639e+02  -6.2882798e+01
   5.9038360e+01   1.8018351e+02  -6.2797083e+01
   5.9406034e+01   1.7950172e+02  -6.2710706e+01
   5.9775998e+01   1.7882110e+02  -6.2623670e+01
   6.0148266e+01   1.7814170e+02  -6.2535974e+01
   6.0522852e+01   1.7746358e+02  -6.2447621e+01
   6.0899770e+01   1.7678680e+02  -6.2358610e+01
   6.1279037e+01   1.7611296e+02  -6.2269269e+01
   6.1660665e+01   1.7544209e+02  -6.2179599e+01
   6.2044670e+01   1.7477276e+02  -6.2089296e+01
   6.2431066e+01   1.7410502e+02  -6.1998363e+01
   6.2819869e+01   1.7343893e+02  -6.1906800e+01
   6.3211093e+01   1.7277452e+02  -6.1814609e+01
   6.3604753e+01   1.7211184e+02  -6.1721791e+01
   6.4000865e+01   1.7145087e+02  -6.1628307e+01
   6.4399444e+01   1.7078967e+02  -6.1533060e+01
   6.4800505e+01   1.7013031e+02  -6.1437158e+01
   6.5204064e+01   1.6947282e+02  -6.1340602e+01
   6.5610136e+01   1.6881725e+02  -6.1243392e+01
   6.6018737e+01   1.6816362e+02  -6.1145530e+01
   6.6429883e+01   1.6751197e+02  -6.1047015e+01
   6.6843589e+01   1.6686234e+02  -6.0947850e+01
   6.7259872e+01   1.6621606e+02  -6.0848117e+01
   6.7678747e+01   1.6557291e+02  -6.0747805e+01
   6.8100231e+01   1.6493191e+02  -6.0646851e+01
   6.8524339e+01   1.6429308e+02  -6.0545255e+01
   6.8951089e+01   1.6365646e+02  -6.0443017e+01
   6.9380497e+01   1.6302207e+02  -6.0340139e+01
   6.9812578e+01   1.6238993e+02  -6.0236620e+01
   7.0247351e+01   1.6176018e+02  -6.0132411e+01
   7.0684831e+01   1.6113390e+02  -6.0027024e+01
   7.1125036e+01   1.6050996e+02  -5.9920985e+01
   7.1567982e+01   1.5988840e+02  -5.9814293e+01
   7.2013687e+01   1.5926924e+02  -5.9706948e+01
   7.2462167e+01   1.5865249e+02  -5.9598949e+01
   7.2913441e+01   1.5803816e+02  -5.9490297e+01
   7.3367525e+01   1.5742629e+02  -5.9380990e+01
   7.3824437e+01   1.5681795e+02  -5.9270806e+01
   7.4284194e+01   1.5621279e+02  -5.9159821e+01
   7.4746814e+01   1.5561016e+02  -5.9048173e+01
   7.5212316e+01   1.5501007e+02  -5.8935860e+01
   7.5680717e+01   1.5441254e+02  -5.8822883e+01
   7.6152034e+01   1.5381757e+02  -5.8709239e+01
   7.6626287e+01   1.5322517e+02  -5.8594928e+01
   7.7103494e+01   1.5263569e+02  -5.8479932e+01
   7.7583672e+01   1.5205089e+02  -5.8364176e+01
   7.8066841e+01   1.5146873e+02  -5.8247749e+01
   7.8553019e+01   1.5088923e+02  -5.8130649e+01
   7.9042224e+01   1.5031240e+02  -5.8012873e+01
   7.9534476e+01   1.4973822e+02  -5.7894419e+01
   8.0029794e+01   1.4916672e+02  -5.7775286e+01
   8.0528197e+01   1.4859790e+02  -5.7655468e+01
   8.1029703e+01   1.4803279e+02  -5.7534685e+01
   8.1534333e+01   1.4747090e+02  -5.7413065e+01
   8.2042105e+01   1.4691174e+02  -5.7290744e+01
   8.2553040e+01   1.4635530e+02  -5.7167720e+01
   8.3067156e+01   1.4580159e+02  -5.7043987e+01
   8.3584474e+01   1.4525060e+02  -5.6919542e+01
   8.4105014e+01   1.4470235e+02  -5.6794380e+01
   8.4628796e+01   1.4415733e+02  -5.6668453e+01
   8.5155840e+01   1.4361723e+02  -5.6541613e+01
   8.5686166e+01   1.4307992e+02  -5.6414041e+01
   8.6219795e+01   1.4254538e+02  -5.6285733e+01
   8.6756747e+01   1.4201363e+02  -5.6156681e+01
   8.7297043e+01   1.4148465e+02  -5.6026881e+01
   8.7840704e+01   1.4095844e+02  -5.5896325e+01
   8.8387750e+01   1.4043501e+02  -5.5765006e+01
   8.8938204e+01   1.3991661e+02  -5.5632753e+01
   8.9492085e+01   1.3940191e+02  -5.5499661e+01
   9.0049416e+01   1.3889005e+02  -5.5365785e+01
   9.0610218e+01   1.3838100e+02  -5.5231119e+01
   9.1174512e+01   1.3787478e+02  -5.5095653e+01
   9.1742321e+01   1.3737138e+02  -5.4959380e+01
   9.2313665e+01   1.3687079e+02  -5.4822289e+01
   9.2888568e+01   1.3637353e+02  -5.4684250e+01
   9.3467052e+01   1.3588075e+02  -5.4544990e+01
   9.4049137e+01   1.3539081e+02  -5.4404875e+01
   9.4634848e+01   1.3490373e+02  -5.4263895e+01
   9.5224207e+01   1.3441948e+02  -5.4122037e+01
   9.5817236e+01   1.3393808e+02  -5.3979290e+01
   9.6413958e+01   1.3345952e+02  -5.3835640e+01
   9.7014396e+01   1.3298379e+02  -5.3691076e+01
   9.7618574e+01   1.3251386e+02  -5.3545647e+01
   9.8226514e+01   1.3204770e+02  -5.3399306e+01
   9.8838241e+01   1.3158445e+02  -5.3252023e+01
   9.9453777e+01   1.3112409e+02  -5.3103782e+01
   1.0007315e+02   1.3066662e+02  -5.2954567e+01
   1.0069637e+02   1.3021204e+02  -5.2804364e+01
   1.0132348e+02   1.2976035e+02  -5.2653155e+01
   1.0195449e+02   1.2931265e+02  -5.2500918e+01
   1.0258944e+02   1.2887056e+02  -5.2347633e+01
   1.0322834e+02   1.2843143e+02  -5.2193302e+01
   1.0387121e+02   1.2799525e+02  -5.2037906e+01
   1.0451809e+02   1.2756204e+02  -5.1881427e+01
   1.0516900e+02   1.2713179e+02  -5.1723843e+01
   1.0582396e+02   1.2670450e+02  -5.1565135e+01
   1.0648300e+02   1.2628018e+02  -5.1405281e+01
   1.0714615e+02   1.2586271e+02  -5.1243969e+01
   1.0781342e+02   1.2544915e+02  -5.1081410e+01
   1.0848485e+02   1.2503867e+02  -5.0917646e+01
   1.0916047e+02   1.2463127e+02  -5.0752653e+01
   1.0984029e+02   1.2422697e+02  -5.0586406e+01
   1.1052434e+02   1.2382578e+02  -5.0418880e+01
   1.1121265e+02   1.2342769e+02  -5.0250049e+01
   1.1190526e+02   1.2303391e+02  -5.0079989e+01
   1.1260217e+02   1.2264555e+02  -4.9908775e+01
   1.1330342e+02   1.2226040e+02  -4.9736195e+01
   1.1400904e+02   1.2187847e+02  -4.9562220e+01
   1.1471906e+02   1.2149978e+02  -4.9386820e+01
   1.1543350e+02   1.2112435e+02  -4.9209966e+01
   1.1615238e+02   1.2075219e+02  -4.9031625e+01
   1.1687575e+02   1.2038332e+02  -4.8851765e+01
   1.1760361e+02   1.2002310e+02  -4.8670688e+01
   1.1833602e+02   1.1966711e+02  -4.8488108e+01
   1.1907298e+02   1.1931460e+02  -4.8303946e+01
   1.1981453e+02   1.1896559e+02  -4.8118165e+01
   1.2056070e+02   1.1862012e+02  -4.7930731e+01
   1.2131152e+02   1.1827820e+02  -4.7741605e+01
   1.2206701e+02   1.1793989e+02  -4.7550751e+01
   1.2282721e+02   1.1760694e+02  -4.7358348e+01
   1.2359214e+02   1.1728036e+02  -4.7164491e+01
   1.2436184e+02   1.1695757e+02  -4.6968822e+01
   1.2513633e+02   1.1663860e+02  -4.6771301e+01
   1.2591564e+02   1.1632350e+02  -4.6571884e+01
   1.2669981e+02   1.1601232e+02  -4.6370530e+01
   1.2748886e+02   1.1570510e+02  -4.6167193e+01
   1.2828282e+02   1.1540189e+02  -4.5961827e+01
   1.2908173e+02   1.1510899e+02  -4.5755689e+01
   1.2988561e+02   1.1482084e+02  -4.5547605e+01
   1.3069450e+02   1.1453698e+02  -4.5337426e+01
   1.3150843e+02   1.1425750e+02  -4.5125104e+01
   1.3232743e+02   1.1398245e+02  -4.4910588e+01
   1.3315153e+02   1.1371190e+02  -4.4693829e+01
   1.3398075e+02   1.1344594e+02  -4.4474776e+01
   1.3481515e+02   1.1318706e+02  -4.4253642e+01
   1.3565474e+02   1.1293596e+02  -4.4030468e+01
   1.3649956e+02   1.1268980e+02  -4.3804885e+01
   1.3734964e+02   1.1244867e+02  -4.3576840e+01
   1.3820501e+02   1.1221267e+02  -4.3346276e+01
   1.3906571e+02   1.1198189e+02  -4.3113136e+01
   1.3993177e+02   1.1175644e+02  -4.2877361e+01
   1.4080323e+02   1.1153644e+02  -4.2638890e+01
   1.4168011e+02   1.1132916e+02  -4.2399700e+01
   1.4256245e+02   1.1112787e+02  -4.2157844e+01
   1.4345029e+02   1.1093250e+02  -4.1913210e+01
   1.4434366e+02   1.1074321e+02  -4.1665737e+01
   1.4524259e+02   1.1056012e+02  -4.1415362e+01
   1.4614712e+02   1.1038339e+02  -4.1162020e+01
   1.4705728e+02   1.1021318e+02  -4.0905645e+01
   1.4797311e+02   1.1005269e+02  -4.0647286e+01
   1.4889464e+02   1.0990213e+02  -4.0386943e+01
   1.4982192e+02   1.0975868e+02  -4.0123466e+01
   1.5075496e+02   1.0962255e+02  -3.9856786e+01
   1.5169382e+02   1.0949391e+02  -3.9586833e+01
   1.5263853e+02   1.0937299e+02  -3.9313537e+01
   1.5358912e+02   1.0926000e+02  -3.9036826e+01
   1.5454562e+02   1.0915538e+02  -3.8756711e+01
   1.5550809e+02   1.0906673e+02  -3.8476121e+01
   1.5647655e+02   1.0898683e+02  -3.8192036e+01
   1.5745104e+02   1.0891595e+02  -3.7904383e+01
   1.5843160e+02   1.0885434e+02  -3.7613089e+01
   1.5941827e+02   1.0880231e+02  -3.7318078e+01
   1.6041108e+02   1.0876015e+02  -3.7019275e+01
   1.6141007e+02   1.0872819e+02  -3.6716602e+01
   1.6241529e+02   1.0871119e+02  -3.6412493e+01
   1.6342676e+02   1.0870870e+02  -3.6106528e+01
   1.6444454e+02   1.0871751e+02  -3.5796642e+01
   1.6546865e+02   1.0873801e+02  -3.5482758e+01
   1.6649914e+02   1.0877059e+02  -3.5164797e+01
   1.6753605e+02   1.0881568e+02  -3.4842682e+01
   1.6857942e+02   1.0887371e+02  -3.4516331e+01
   1.6962928e+02   1.0894562e+02  -3.4185951e+01
   1.7068568e+02   1.0903695e+02  -3.3854620e+01
   1.7174866e+02   1.0914272e+02  -3.3518949e+01
   1.7281827e+02   1.0926348e+02  -3.3178856e+01
   1.7389453e+02   1.0939979e+02  -3.2834254e+01
   1.7497749e+02   1.0955225e+02  -3.2485057e+01
   1.7606720e+02   1.0972149e+02  -3.2131174e+01
   1.7716370e+02   1.0990817e+02  -3.1772512e+01
   1.7826702e+02   1.1011666e+02  -3.1411444e+01
   1.7937722e+02   1.1034646e+02  -3.1047140e+01
   1.8049433e+02   1.1059596e+02  -3.0677917e+01
   1.8161839e+02   1.1086600e+02  -3.0303671e+01
   1.8274946e+02   1.1115747e+02  -2.9924293e+01
   1.8388757e+02   1.1147131e+02  -2.9539671e+01
   1.8503277e+02   1.1180854e+02  -2.9149684e+01
   1.8618510e+02   1.1217113e+02  -2.8755058e+01
   1.8734461e+02   1.1256523e+02  -2.8360577e+01
   1.8851134e+02   1.1298617e+02  -2.7960571e+01
   1.8968533e+02   1.1343530e+02  -2.7554908e+01
   1.9086664e+02   1.1391407e+02  -2.7143455e+01
   1.9205530e+02   1.1442404e+02  -2.6726081e+01
   1.9325136e+02   1.1496690e+02  -2.6302654e+01
   1.9445488e+02   1.1554447e+02  -2.5873047e+01
   1.9566589e+02   1.1616066e+02  -2.5441832e+01
   1.9688444e+02   1.1681650e+02  -2.5006814e+01
   1.9811058e+02   1.1751322e+02  -2.4565467e+01
   1.9934435e+02   1.1825326e+02  -2.4117703e+01
   2.0058581e+02   1.1903929e+02  -2.3663442e+01
   2.0183500e+02   1.1987414e+02  -2.3202618e+01
   2.0309197e+02   1.2076088e+02  -2.2735178e+01
   2.0435677e+02   1.2170376e+02  -2.2262423e+01
   2.0562945e+02   1.2270961e+02  -2.1789122e+01
   2.0691005e+02   1.2377790e+02  -2.1309315e+01
   2.0819862e+02   1.2491281e+02  -2.0822985e+01
   2.0949522e+02   1.2611885e+02  -2.0330125e+01
   2.1079990e+02   1.2740097e+02  -1.9830733e+01
   2.1211270e+02   1.2876453e+02  -1.9324812e+01
   2.1343368e+02   1.3021544e+02  -1.8812369e+01
   2.1476288e+02   1.3176207e+02  -1.8299987e+01
   2.1610036e+02   1.3341012e+02  -1.7783991e+01
   2.1744617e+02   1.3516660e+02  -1.7261735e+01
   2.1880037e+02   1.3704026e+02  -1.6733254e+01
   2.2016299e+02   1.3904077e+02  -1.6198599e+01
   2.2153410e+02   1.4117897e+02  -1.5657840e+01
   2.2291375e+02   1.4346695e+02  -1.5111067e+01
   2.2430200e+02   1.4591766e+02  -1.4560389e+01
   2.2569888e+02   1.4854453e+02  -1.4010547e+01
   2.2710447e+02   1.5136668e+02  -1.3455262e+01
   2.2851881e+02   1.5440367e+02  -1.2894771e+01
   2.2994196e+02   1.5767781e+02  -1.2329372e+01
   2.3137397e+02   1.6121464e+02  -1.1759437e+01
   2.3281491e+02   1.6504349e+02  -1.1185429e+01
   2.3426481e+02   1.6919826e+02  -1.0607922e+01
   2.3572374e+02   1.7371459e+02  -1.0035038e+01
   2.3719176e+02   1.7864001e+02  -9.4626667e+00
   2.3866892e+02   1.8402945e+02  -8.8895554e+00
   2.4015529e+02   1.8994661e+02  -8.3170351e+00
   2.4165090e+02   1.9646738e+02  -7.7467567e+00
   2.4315584e+02   2.0368285e+02  -7.1807754e+00
   2.4467014e+02   2.1170332e+02  -6.6216603e+00
   2.4619388e+02   2.2066039e+02  -6.0737694e+00
   2.4772710e+02   2.3071470e+02  -5.5428628e+00
   2.4926987e+02   2.4208137e+02  -5.0313299e+00
   2.5082225e+02   2.5502309e+02  -4.5458937e+00
   2.5238430e+02   2.6987695e+02  -4.0953268e+00
   2.5395608e+02   2.8708261e+02  -3.6912387e+00
   2.5553764e+02   3.0722408e+02  -3.3492509e+00
   2.5712906e+02   3.3109354e+02  -3.0908030e+00
   2.5873039e+02   3.5976541e+02  -2.9577129e+00
   2.6034168e+02   3.9482477e+02  -2.9845451e+00
   2.6196302e+02   4.3859708e+02  -3.2336807e+00
   2.6359445e+02   4.9464406e+02  -3.8065716e+00
   2.6523604e+02   5.6868974e+02  -4.8696356e+00
   2.6688785e+02   6.7043684e+02  -6.7137822e+00
   2.6854995e+02   8.1731700e+02  -9.8895564e+00
   2.7022240e+02   1.0420598e+03  -1.5546765e+01
   2.7190527e+02   1.4019572e+03  -2.6312903e+01
   2.7359862e+02   1.9140598e+03  -4.7878618e+01
   2.7530251e+02   2.1037185e+03  -8.2962859e+01
   2.7701702e+02   1.6217806e+03  -1.1254704e+02
   2.7874220e+02   1.1563662e+03  -1.2803458e+02
   2.8047812e+02   8.6368078e+02  -1.3580124e+02
   2.8222486e+02   6.7891847e+02  -1.3993730e+02
   2.8398248e+02   5.5507405e+02  -1.4221163e+02
   2.8575104e+02   4.6736032e+02  -1.4342147e+02
   2.8753061e+02   4.0240492e+02  -1.4397027e+02
   2.8932127e+02   3.5257617e+02  -1.4408101e+02
   2.9112308e+02   3.1326336e+02  -1.4388604e+02
   2.9293611e+02   2.8153678e+02  -1.4346884e+02
   2.9476043e+02   2.5545346e+02  -1.4288480e+02
   2.9659611e+02   2.3366471e+02  -1.4217518e+02
   2.9844323e+02   2.1521900e+02  -1.4136913e+02
   3.0030185e+02   1.9944693e+02  -1.4048269e+02
   3.0217204e+02   1.8583395e+02  -1.3953168e+02
   3.0405388e+02   1.7398905e+02  -1.3852864e+02
   3.0594744e+02   1.6360986e+02  -1.3748372e+02
   3.0785279e+02   1.5445885e+02  -1.3640539e+02
   3.0977001e+02   1.4634686e+02  -1.3530082e+02
   3.1169917e+02   1.3910148e+02  -1.3418142e+02
   3.1364034e+02   1.3261791e+02  -1.3304771e+02
   3.1559360e+02   1.2679528e+02  -1.3190402e+02
   3.1755903e+02   1.2154808e+02  -1.3075468e+02
   3.1953670e+02   1.1680461e+02  -1.2960354e+02
   3.2152668e+02   1.1250423e+02  -1.2845413e+02
   3.2352905e+02   1.0859530e+02  -1.2730961e+02
   3.2554390e+02   1.0502641e+02  -1.2617483e+02
   3.2757129e+02   1.0175808e+02  -1.2505279e+02
   3.2961131e+02   9.8766428e+01  -1.2394327e+02
   3.3166404e+02   9.6022506e+01  -1.2284835e+02
   3.3372955e+02   9.3500973e+01  -1.2176988e+02
   3.3580792e+02   9.1179545e+01  -1.2070951e+02
   3.3789923e+02   8.9038546e+01  -1.1966865e+02
   3.4000357e+02   8.7060544e+01  -1.1864852e+02
   3.4212102e+02   8.5217312e+01  -1.1765442e+02
   3.4425165e+02   8.3507735e+01  -1.1668293e+02
   3.4639555e+02   8.1919859e+01  -1.1573461e+02
   3.4855280e+02   8.0442584e+01  -1.1481001e+02
   3.5072348e+02   7.9065938e+01  -1.1390952e+02
   3.5290769e+02   7.7780951e+01  -1.1303342e+02
   3.5510550e+02   7.6579537e+01  -1.1218185e+02
   3.5731699e+02   7.5448629e+01  -1.1135574e+02
   3.5954226e+02   7.4381688e+01  -1.1055494e+02
   3.6178138e+02   7.3378719e+01  -1.0977837e+02
   3.6403445e+02   7.2434283e+01  -1.0902583e+02
   3.6630156e+02   7.1543446e+01  -1.0829702e+02
   3.6858278e+02   7.0701725e+01  -1.0759162e+02
   3.7087820e+02   6.9905046e+01  -1.0690923e+02
   3.7318793e+02   6.9149476e+01  -1.0624944e+02
   3.7551203e+02   6.8420451e+01  -1.0561322e+02
   3.7785061e+02   6.7726530e+01  -1.0499844e+02
   3.8020376e+02   6.7064898e+01  -1.0440460e+02
   3.8257156e+02   6.6432985e+01  -1.0383115e+02
   3.8495410e+02   6.5828446e+01  -1.0327756e+02
   3.8735149e+02   6.5249141e+01  -1.0274325e+02
   3.8976380e+02   6.4693114e+01  -1.0222768e+02
   3.9219114e+02   6.4153468e+01  -1.0173082e+02
   3.9463359e+02   6.3629527e+01  -1.0125192e+02
   3.9709125e+02   6.3124097e+01  -1.0078993e+02
   3.9956422e+02   6.2635804e+01  -1.0034431e+02
   4.0205260e+02   6.2163391e+01  -9.9914510e+01
   4.0455646e+02   6.1705707e+01  -9.9499998e+01
   4.0707592e+02   6.1261700e+01  -9.9100250e+01
   4.0961108e+02   6.0829770e+01  -9.8714726e+01
   4.1216202e+02   6.0401438e+01  -9.8342527e+01
   4.1472884e+02   5.9984268e+01  -9.7983478e+01
   4.1731165e+02   5.9577511e+01  -9.7637110e+01
   4.1991055e+02   5.9180483e+01  -9.7302967e+01
   4.2252563e+02   5.8792553e+01  -9.6980607e+01
   4.2515700e+02   5.8413142e+01  -9.6669604e+01
   4.2780475e+02   5.8041719e+01  -9.6369545e+01
   4.3046900e+02   5.7672980e+01  -9.6079518e+01
   4.3314984e+02   5.7308142e+01  -9.5799225e+01
   4.3584737e+02   5.6950074e+01  -9.5528624e+01
   4.3856170e+02   5.6598392e+01  -9.5267360e+01
   4.4129294e+02   5.6252745e+01  -9.5015095e+01
   4.4404118e+02   5.5912810e+01  -9.4771501e+01
   4.4680654e+02   5.5578286e+01  -9.4536265e+01
   4.4958912e+02   5.5247754e+01  -9.4309122e+01
   4.5238904e+02   5.4913978e+01  -9.4089930e+01
   4.5520638e+02   5.4584982e+01  -9.3878114e+01
   4.5804128e+02   5.4260548e+01  -9.3673409e+01
   4.6089383e+02   5.3940473e+01  -9.3475563e+01
   4.6376414e+02   5.3624571e+01  -9.3284335e+01
   4.6665233e+02   5.3312667e+01  -9.3099495e+01
   4.6955851e+02   5.3004602e+01  -9.2920821e+01
   4.7248278e+02   5.2697022e+01  -9.2745949e+01
   4.7542527e+02   5.2391343e+01  -9.2575620e+01
   4.7838608e+02   5.2089188e+01  -9.2410803e+01
   4.8136533e+02   5.1790437e+01  -9.2251312e+01
   4.8436314e+02   5.1494975e+01  -9.2096974e+01
   4.8737961e+02   5.1202696e+01  -9.1947621e+01
   4.9041487e+02   5.0913502e+01  -9.1803094e+01
   4.9346903e+02   5.0626200e+01  -9.1662918e+01
   4.9654221e+02   5.0336666e+01  -9.1525713e+01
   4.9963454e+02   5.0050060e+01  -9.1392827e+01
   5.0274612e+02   4.9766303e+01  -9.1264127e+01
   5.0587707e+02   4.9485322e+01  -9.1139488e+01
   5.0902753e+02   4.9207048e+01  -9.1018789e+01
   5.1219761e+02   4.8931415e+01  -9.0901915e+01
   5.1538743e+02   4.8658360e+01  -9.0788757e+01
   5.1859711e+02   4.8384509e+01  -9.0677181e+01
   5.2182678e+02   4.8111780e+01  -9.0568209e+01
   5.2507657e+02   4.7841551e+01  -9.0462607e+01
   5.2834660e+02   4.7573770e+01  -9.0360284e+01
   5.3163699e+02   4.7308387e+01  -9.0261153e+01
   5.3494787e+02   4.7045356e+01  -9.0165132e+01
   5.3827937e+02   4.6784631e+01  -9.0072142e+01
   5.4163162e+02   4.6525118e+01  -8.9981546e+01
   5.4500474e+02   4.6264284e+01  -8.9891886e+01
   5.4839888e+02   4.6005713e+01  -8.9804995e+01
   5.5181415e+02   4.5749365e+01  -8.9720810e+01
   5.5525069e+02   4.5495203e+01  -8.9639268e+01
   5.5870863e+02   4.5243190e+01  -8.9560309e+01
   5.6218810e+02   4.4993289e+01  -8.9483875e+01
   5.6568925e+02   4.4745466e+01  -8.9409913e+01
   5.6921220e+02   4.4496465e+01  -8.9336448e+01
   5.7275709e+02   4.4248480e+01  -8.9264685e+01
   5.7632405e+02   4.4002551e+01  -8.9195205e+01
   5.7991323e+02   4.3758647e+01  -8.9127962e+01
   5.8352477e+02   4.3516735e+01  -8.9062914e+01
   5.8715879e+02   4.3276787e+01  -8.9000018e+01
   5.9081545e+02   4.3038772e+01  -8.8939236e+01
   5.9449487e+02   4.2801884e+01  -8.8879525e+01
   5.9819722e+02   4.2564889e+01  -8.8819234e+01
   6.0192262e+02   4.2329802e+01  -8.8760927e+01
   6.0567122e+02   4.2096597e+01  -8.8704571e+01
   6.0944316e+02   4.1865246e+01  -8.8650136e+01
   6.1323860e+02   4.1635722e+01  -8.8597589e+01
   6.1705767e+02   4.1408000e+01  -8.8546902e+01
   6.2090053e+02   4.1182053e+01  -8.8498045e+01
   6.2476732e+02   4.0954621e+01  -8.8448619e+01
   6.2865819e+02   4.0728190e+01  -8.8400361e+01
   6.3257329e+02   4.0503531e+01  -8.8353824e+01
   6.3651278e+02   4.0280619e+01  -8.8308984e+01
   6.4047679e+02   4.0059432e+01  -8.8265818e+01
   6.4446550e+02   3.9839944e+01  -8.8224305e+01
   6.4847905e+02   3.9622133e+01  -8.8184422e+01
   6.5251759e+02   3.9404953e+01  -8.8145238e+01
   6.5658128e+02   3.9187361e+01  -8.8105776e+01
   6.6067028e+02   3.8971434e+01  -8.8067863e+01
   6.6478474e+02   3.8757148e+01  -8.8031482e+01
   6.6892483e+02   3.8544482e+01  -8.7996616e+01
   6.7309070e+02   3.8333413e+01  -8.7963246e+01
   6.7728251e+02   3.8123921e+01  -8.7931358e+01
   6.8150043e+02   3.7915984e+01  -8.7900934e+01
   6.8574462e+02   3.7707695e+01  -8.7869276e+01
   6.9001524e+02   3.7500640e+01  -8.7838588e+01
   6.9431246e+02   3.7295123e+01  -8.7809309e+01
   6.9863644e+02   3.7091122e+01  -8.7781426e+01
   7.0298734e+02   3.6888616e+01  -8.7754925e+01
   7.0736535e+02   3.6687587e+01  -8.7729793e+01
   7.1177061e+02   3.6488015e+01  -8.7706019e+01
   7.1620331e+02   3.6289192e+01  -8.7682540e+01
   7.2066362e+02   3.6090694e+01  -8.7658688e+01
   7.2515171e+02   3.5893631e+01  -8.7636148e+01
   7.2966774e+02   3.5697983e+01  -8.7614910e+01
   7.3421190e+02   3.5503733e+01  -8.7594962e+01
   7.3878436e+02   3.5310863e+01  -8.7576295e+01
   7.4338530e+02   3.5119354e+01  -8.7558898e+01
   7.4801489e+02   3.4929188e+01  -8.7542760e+01
   7.5267331e+02   3.4738834e+01  -8.7524291e+01
   7.5736074e+02   3.4549667e+01  -8.7506693e+01
   7.6207737e+02   3.4361829e+01  -8.7490322e+01
   7.6682337e+02   3.4175300e+01  -8.7475169e+01
   7.7159892e+02   3.3990066e+01  -8.7461225e+01
   7.7640422e+02   3.3806109e+01  -8.7448481e+01
   7.8123944e+02   3.3623412e+01  -8.7436929e+01
   7.8610477e+02   3.3440830e+01  -8.7425916e+01
   7.9100041e+02   3.3258025e+01  -8.7415222e+01
   7.9592653e+02   3.3076473e+01  -8.7405676e+01
   8.0088333e+02   3.2896158e+01  -8.7397271e+01
   8.0587100e+02   3.2717066e+01  -8.7390000e+01
   8.1088973e+02   3.2539179e+01  -8.7383855e+01
   8.1593972e+02   3.2362484e+01  -8.7378828e+01
   8.2102116e+02   3.2186966e+01  -8.7374912e+01
   8.2613424e+02   3.2011754e+01  -8.7369365e+01
   8.3127917e+02   3.1837673e+01  -8.7364798e+01
   8.3645613e+02   3.1664746e+01  -8.7361321e+01
   8.4166534e+02   3.1492957e+01  -8.7358927e+01
   8.4690699e+02   3.1322293e+01  -8.7357609e+01
   8.5218128e+02   3.1152740e+01  -8.7357360e+01
   8.5748842e+02   3.0984285e+01  -8.7358173e+01
   8.6282861e+02   3.0816264e+01  -8.7358824e+01
   8.6820206e+02   3.0648639e+01  -8.7359227e+01
   8.7360897e+02   3.0482096e+01  -8.7360668e+01
   8.7904956e+02   3.0316624e+01  -8.7363141e+01
   8.8452403e+02   3.0152208e+01  -8.7366640e+01
   8.9003259e+02   2.9988837e+01  -8.7371158e+01
   8.9557545e+02   2.9826497e+01  -8.7376688e+01
   9.0115284e+02   2.9665167e+01  -8.7383186e+01
   9.0676496e+02   2.9503841e+01  -8.7387014e+01
   9.1241203e+02   2.9343532e+01  -8.7391838e+01
   9.1809427e+02   2.9184229e+01  -8.7397652e+01
   9.2381189e+02   2.9025920e+01  -8.7404449e+01
   9.2956513e+02   2.8868594e+01  -8.7412223e+01
   9.3535419e+02   2.8712240e+01  -8.7420968e+01
   9.4117931e+02   2.8556846e+01  -8.7430679e+01
   9.4704070e+02   2.8401606e+01  -8.7440422e+01
   9.5293860e+02   2.8246634e+01  -8.7450313e+01
   9.5887323e+02   2.8092614e+01  -8.7461145e+01
   9.6484481e+02   2.7939535e+01  -8.7472911e+01
   9.7085359e+02   2.7787386e+01  -8.7485606e+01
   9.7689978e+02   2.7636157e+01  -8.7499224e+01
   9.8298363e+02   2.7485839e+01  -8.7513759e+01
   9.8910537e+02   2.7336387e+01  -8.7529079e+01
   9.9526524e+02   2.7187320e+01  -8.7543426e+01
   1.0014635e+03   2.7039144e+01  -8.7558673e+01
   1.0077003e+03   2.6891851e+01  -8.7574814e+01
   1.0139760e+03   2.6745430e+01  -8.7591844e+01
   1.0202907e+03   2.6599873e+01  -8.7609758e+01
   1.0266448e+03   2.6455171e+01  -8.7628548e+01
   1.0330384e+03   2.6311314e+01  -8.7648210e+01
   1.0394719e+03   2.6167863e+01  -8.7667672e+01
   1.0459454e+03   2.6024948e+01  -8.7687248e+01
   1.0524593e+03   2.5882865e+01  -8.7707677e+01
   1.0590137e+03   2.5741606e+01  -8.7728954e+01
   1.0656089e+03   2.5601163e+01  -8.7751072e+01
   1.0722452e+03   2.5461527e+01  -8.7774027e+01
   1.0789229e+03   2.5322690e+01  -8.7797812e+01
   1.0856421e+03   2.5184607e+01  -8.7822171e+01
   1.0924031e+03   2.5047008e+01  -8.7845415e+01
   1.0992063e+03   2.4910193e+01  -8.7869476e+01
   1.1060519e+03   2.4774154e+01  -8.7894346e+01
   1.1129400e+03   2.4638883e+01  -8.7920020e+01
   1.1198711e+03   2.4504374e+01  -8.7946493e+01
   1.1268453e+03   2.4370619e+01  -8.7973759e+01
   1.1338630e+03   2.4237612e+01  -8.8001813e+01
   1.1409244e+03   2.4104695e+01  -8.8029046e+01
   1.1480297e+03   2.3972160e+01  -8.8056154e+01
   1.1551793e+03   2.3840368e+01  -8.8084032e+01
   1.1623734e+03   2.3709311e+01  -8.8112673e+01
   1.1696124e+03   2.3578984e+01  -8.8142072e+01
   1.1768964e+03   2.3449380e+01  -8.8172223e+01
   1.1842257e+03   2.3320493e+01  -8.8203121e+01
   1.1916008e+03   2.3192240e+01  -8.8234628e+01
   1.1990217e+03   2.3064315e+01  -8.8266208e+01
   1.2064889e+03   2.2937095e+01  -8.8298516e+01
   1.2140025e+03   2.2810574e+01  -8.8331548e+01
   1.2215630e+03   2.2684746e+01  -8.8365297e+01
   1.2291705e+03   2.2559604e+01  -8.8399759e+01
   1.2368255e+03   2.2435144e+01  -8.8434927e+01
   1.2445280e+03   2.2311359e+01  -8.8470797e+01
   1.2522786e+03   2.2188026e+01  -8.8505974e+01
   1.2600774e+03   2.2065266e+01  -8.8541224e+01
   1.2679248e+03   2.1943171e+01  -8.8577162e+01
   1.2758211e+03   2.1821735e+01  -8.8613781e+01
   1.2837666e+03   2.1700954e+01  -8.8651075e+01
   1.2917615e+03   2.1580823e+01  -8.8689040e+01
   1.2998062e+03   2.1461336e+01  -8.8727670e+01
   1.3079010e+03   2.1342383e+01  -8.8766650e+01
   1.3160463e+03   2.1223687e+01  -8.8805171e+01
   1.3242422e+03   2.1105628e+01  -8.8844341e+01
   1.3324892e+03   2.0988202e+01  -8.8884155e+01
   1.3407876e+03   2.0871403e+01  -8.8924607e+01
   1.3491376e+03   2.0755227e+01  -8.8965691e+01
   1.3575396e+03   2.0639670e+01  -8.9007403e+01
   1.3659940e+03   2.0524727e+01  -8.9049737e+01
   1.3745010e+03   2.0409985e+01  -8.9091197e+01
   1.3830610e+03   2.0295714e+01  -8.9132755e+01
   1.3916743e+03   2.0182053e+01  -8.9174921e+01
   1.4003413e+03   2.0068998e+01  -8.9217689e+01
   1.4090622e+03   1.9956543e+01  -8.9261054e+01
   1.4178374e+03   1.9844684e+01  -8.9305010e+01
   1.4266673e+03   1.9733419e+01  -8.9349554e+01
   1.4355522e+03   1.9622713e+01  -8.9394858e+01
   1.4444924e+03   1.9512511e+01  -8.9441223e+01
   1.4534883e+03   1.9402892e+01  -8.9488159e+01
   1.4625402e+03   1.9293851e+01  -8.9535659e+01
   1.4716485e+03   1.9185384e+01  -8.9583719e+01
   1.4808135e+03   1.9077488e+01  -8.9632333e+01
   1.4900355e+03   1.8970159e+01  -8.9681498e+01
   1.4993151e+03   1.8863393e+01  -8.9731208e+01
   1.5086524e+03   1.8755617e+01  -8.9779656e+01
   1.5180478e+03   1.8648018e+01  -8.9828171e+01
   1.5275018e+03   1.8540998e+01  -8.9877212e+01
   1.5370146e+03   1.8434554e+01  -8.9926774e+01
   1.5465867e+03   1.8328682e+01  -8.9976852e+01
   1.5562184e+03   1.8223379e+01  -9.0027442e+01
   1.5659101e+03   1.8118641e+01  -9.0078540e+01
   1.5756621e+03   1.8014778e+01  -9.0129915e+01
   1.5854749e+03   1.7912127e+01  -9.0181319e+01
   1.5953488e+03   1.7810018e+01  -9.0233222e+01
   1.6052841e+03   1.7708449e+01  -9.0285619e+01
   1.6152814e+03   1.7607417e+01  -9.0338506e+01
   1.6253409e+03   1.7506918e+01  -9.0391879e+01
   1.6354630e+03   1.7406949e+01  -9.0445732e+01
   1.6456482e+03   1.7307508e+01  -9.0500062e+01
   1.6558969e+03   1.7208291e+01  -9.0554259e+01
   1.6662093e+03   1.7109547e+01  -9.0608816e+01
   1.6765860e+03   1.7011326e+01  -9.0663835e+01
   1.6870273e+03   1.6913626e+01  -9.0719314e+01
   1.6975336e+03   1.6816442e+01  -9.0775247e+01
   1.7081053e+03   1.6719774e+01  -9.0831631e+01
   1.7187429e+03   1.6623617e+01  -9.0888462e+01
   1.7294468e+03   1.6527876e+01  -9.0945390e+01
   1.7402173e+03   1.6432484e+01  -9.1002178e+01
   1.7510548e+03   1.6337600e+01  -9.1059400e+01
   1.7619599e+03   1.6243221e+01  -9.1117053e+01
   1.7729329e+03   1.6149343e+01  -9.1175132e+01
   1.7839742e+03   1.6055964e+01  -9.1233635e+01
   1.7950843e+03   1.5963082e+01  -9.1292556e+01
   1.8062635e+03   1.5870695e+01  -9.1351893e+01
   1.8175124e+03   1.5778497e+01  -9.1411255e+01
   1.8288314e+03   1.5686759e+01  -9.1470980e+01
   1.8402208e+03   1.5595511e+01  -9.1531109e+01
   1.8516812e+03   1.5504752e+01  -9.1591637e+01
   1.8632129e+03   1.5414479e+01  -9.1652562e+01
   1.8748164e+03   1.5324690e+01  -9.1713879e+01
   1.8864923e+03   1.5235381e+01  -9.1775586e+01
   1.8982408e+03   1.5146457e+01  -9.1837313e+01
   1.9100625e+03   1.5057884e+01  -9.1898928e+01
   1.9219578e+03   1.4969789e+01  -9.1960923e+01
   1.9339272e+03   1.4882168e+01  -9.2023294e+01
   1.9459711e+03   1.4795019e+01  -9.2086037e+01
   1.9580901e+03   1.4708340e+01  -9.2149149e+01
   1.9702845e+03   1.4622128e+01  -9.2212627e+01
   1.9825549e+03   1.4536381e+01  -9.2276468e+01
   1.9949017e+03   1.4450791e+01  -9.2340986e+01
   2.0073253e+03   1.4365649e+01  -9.2405875e+01
   2.0198264e+03   1.4280970e+01  -9.2471116e+01
   2.0324053e+03   1.4196751e+01  -9.2536707e+01
   2.0450625e+03   1.4112990e+01  -9.2602643e+01
   2.0577986e+03   1.4029684e+01  -9.2668923e+01
   2.0706139e+03   1.3946832e+01  -9.2735543e+01
   2.0835091e+03   1.3864321e+01  -9.2802218e+01
   2.0964846e+03   1.3782139e+01  -9.2868918e+01
   2.1095409e+03   1.3700407e+01  -9.2935950e+01
   2.1226785e+03   1.3619123e+01  -9.3003311e+01
   2.1358980e+03   1.3538285e+01  -9.3070999e+01
   2.1491997e+03   1.3457890e+01  -9.3139010e+01
   2.1625843e+03   1.3377936e+01  -9.3207343e+01
   2.1760523e+03   1.3298422e+01  -9.3275993e+01
   2.1896041e+03   1.3219127e+01  -9.3344821e+01
   2.2032403e+03   1.3140270e+01  -9.3413962e+01
   2.2169615e+03   1.3061849e+01  -9.3483413e+01
   2.2307681e+03   1.2983862e+01  -9.3553173e+01
   2.2446606e+03   1.2906307e+01  -9.3623238e+01
   2.2586397e+03   1.2829181e+01  -9.3693608e+01
   2.2727059e+03   1.2752483e+01  -9.3764279e+01
   2.2868597e+03   1.2676025e+01  -9.3835335e+01
   2.3011016e+03   1.2599826e+01  -9.3906766e+01
   2.3154322e+03   1.2524054e+01  -9.3978490e+01
   2.3298520e+03   1.2448706e+01  -9.4050506e+01
   2.3443617e+03   1.2373780e+01  -9.4122812e+01
   2.3589617e+03   1.2299274e+01  -9.4195405e+01
   2.3736526e+03   1.2225186e+01  -9.4268283e+01
   2.3884350e+03   1.2151494e+01  -9.4341413e+01
   2.4033095e+03   1.2077868e+01  -9.4414260e+01
   2.4182766e+03   1.2004659e+01  -9.4487387e+01
   2.4333370e+03   1.1931864e+01  -9.4560792e+01
   2.4484911e+03   1.1859483e+01  -9.4634472e+01
   2.4637396e+03   1.1787512e+01  -9.4708426e+01
   2.4790830e+03   1.1715950e+01  -9.4782653e+01
   2.4945220e+03   1.1644795e+01  -9.4857150e+01
   2.5100572e+03   1.1573981e+01  -9.4932008e+01
   2.5256891e+03   1.1503525e+01  -9.5007200e+01
   2.5414184e+03   1.1433472e+01  -9.5082657e+01
   2.5572456e+03   1.1363818e+01  -9.5158378e+01
   2.5731714e+03   1.1294564e+01  -9.5234362e+01
   2.5891964e+03   1.1225706e+01  -9.5310607e+01
   2.6053211e+03   1.1157242e+01  -9.5387111e+01
   2.6215463e+03   1.1089132e+01  -9.5463895e+01
   2.6378726e+03   1.1021082e+01  -9.5541126e+01
   2.6543005e+03   1.0953427e+01  -9.5618611e+01
   2.6708307e+03   1.0886162e+01  -9.5696349e+01
   2.6874639e+03   1.0819288e+01  -9.5774339e+01
   2.7042006e+03   1.0752802e+01  -9.5852580e+01
   2.7210416e+03   1.0686701e+01  -9.5931070e+01
   2.7379874e+03   1.0620985e+01  -9.6009809e+01
   2.7550388e+03   1.0555527e+01  -9.6089103e+01
   2.7721964e+03   1.0490379e+01  -9.6168820e+01
   2.7894609e+03   1.0425612e+01  -9.6248782e+01
   2.8068328e+03   1.0361225e+01  -9.6328988e+01
   2.8243130e+03   1.0297214e+01  -9.6409436e+01
   2.8419020e+03   1.0233578e+01  -9.6490126e+01
   2.8596005e+03   1.0170316e+01  -9.6571056e+01
   2.8774093e+03   1.0107369e+01  -9.6652204e+01
   2.8953290e+03   1.0044495e+01  -9.6733478e+01
   2.9133602e+03   9.9819932e+00  -9.6814989e+01
   2.9315038e+03   9.9198619e+00  -9.6896737e+01
   2.9497604e+03   9.8580991e+00  -9.6978721e+01
   2.9681306e+03   9.7967029e+00  -9.7060940e+01
   2.9866153e+03   9.7356714e+00  -9.7143394e+01
   3.0052151e+03   9.6750027e+00  -9.7226082e+01
   3.0239307e+03   9.6145940e+00  -9.7309222e+01
   3.0427629e+03   9.5544994e+00  -9.7392695e+01
   3.0617123e+03   9.4947640e+00  -9.7476400e+01
   3.0807798e+03   9.4353859e+00  -9.7560337e+01
   3.0999660e+03   9.3763633e+00  -9.7644503e+01
   3.1192717e+03   9.3176942e+00  -9.7728900e+01
   3.1386976e+03   9.2593769e+00  -9.7813526e+01
   3.1582445e+03   9.2013469e+00  -9.7898431e+01
   3.1779131e+03   9.1434310e+00  -9.7983749e+01
   3.1977043e+03   9.0858652e+00  -9.8069294e+01
   3.2176186e+03   9.0286478e+00  -9.8155067e+01
   3.2376570e+03   8.9717769e+00  -9.8241066e+01
   3.2578202e+03   8.9152507e+00  -9.8327293e+01
   3.2781090e+03   8.8590673e+00  -9.8413746e+01
   3.2985241e+03   8.8032249e+00  -9.8500425e+01
   3.3190664e+03   8.7474672e+00  -9.8587500e+01
   3.3397366e+03   8.6919594e+00  -9.8674862e+01
   3.3605355e+03   8.6367917e+00  -9.8762449e+01
   3.3814639e+03   8.5819623e+00  -9.8850261e+01
   3.4025227e+03   8.5274693e+00  -9.8938297e+01
   3.4237126e+03   8.4733109e+00  -9.9026558e+01
   3.4450345e+03   8.4194854e+00  -9.9115044e+01
   3.4664892e+03   8.3658802e+00  -9.9203996e+01
   3.4880775e+03   8.3122950e+00  -9.9293855e+01
   3.5098003e+03   8.2590428e+00  -9.9383938e+01
   3.5316583e+03   8.2061217e+00  -9.9474244e+01
   3.5536524e+03   8.1535299e+00  -9.9564774e+01
   3.5757836e+03   8.1012655e+00  -9.9655527e+01
   3.5980525e+03   8.0493268e+00  -9.9746504e+01
   3.6204601e+03   7.9977119e+00  -9.9837705e+01
   3.6430073e+03   7.9462710e+00  -9.9928902e+01
   3.6656949e+03   7.8951126e+00  -1.0002026e+02
   3.6885238e+03   7.8442752e+00  -1.0011185e+02
   3.7114949e+03   7.7937569e+00  -1.0020365e+02
   3.7346090e+03   7.7435559e+00  -1.0029569e+02
   3.7578671e+03   7.6936705e+00  -1.0038794e+02
   3.7812700e+03   7.6440989e+00  -1.0048043e+02
   3.8048186e+03   7.5947879e+00  -1.0057318e+02
   3.8285140e+03   7.5456760e+00  -1.0066625e+02
   3.8523568e+03   7.4968748e+00  -1.0075954e+02
   3.8763482e+03   7.4483825e+00  -1.0085307e+02
   3.9004890e+03   7.4001973e+00  -1.0094681e+02
   3.9247801e+03   7.3523175e+00  -1.0104079e+02
   3.9492225e+03   7.3047413e+00  -1.0113499e+02
   3.9738171e+03   7.2574669e+00  -1.0122942e+02
   3.9985649e+03   7.2102080e+00  -1.0132495e+02
   4.0234668e+03   7.1631970e+00  -1.0142086e+02
   4.0485238e+03   7.1164871e+00  -1.0151701e+02
   4.0737368e+03   7.0700768e+00  -1.0161338e+02
   4.0991069e+03   7.0239641e+00  -1.0170998e+02
   4.1246350e+03   6.9781473e+00  -1.0180682e+02
   4.1503220e+03   6.9326248e+00  -1.0190388e+02
   4.1761690e+03   6.8872743e+00  -1.0200117e+02
   4.2021770e+03   6.8420079e+00  -1.0209869e+02
   4.2283469e+03   6.7970350e+00  -1.0219644e+02
   4.2546799e+03   6.7523539e+00  -1.0229443e+02
   4.2811768e+03   6.7079628e+00  -1.0239265e+02
   4.3078387e+03   6.6638600e+00  -1.0249110e+02
   4.3346667e+03   6.6200437e+00  -1.0258979e+02
   4.3616617e+03   6.5765124e+00  -1.0268871e+02
   4.3888249e+03   6.5330252e+00  -1.0278756e+02
   4.4161573e+03   6.4897937e+00  -1.0288662e+02
   4.4436598e+03   6.4468456e+00  -1.0298591e+02
   4.4713336e+03   6.4041791e+00  -1.0308544e+02
   4.4991798e+03   6.3617927e+00  -1.0318521e+02
   4.5271994e+03   6.3196845e+00  -1.0328522e+02
   4.5553935e+03   6.2778530e+00  -1.0338547e+02
   4.5837632e+03   6.2360971e+00  -1.0348603e+02
   4.6123095e+03   6.1943401e+00  -1.0358692e+02
   4.6410337e+03   6.1528611e+00  -1.0368805e+02
   4.6699367e+03   6.1116585e+00  -1.0378943e+02
   4.6990197e+03   6.0707306e+00  -1.0389105e+02
   4.7282839e+03   6.0300755e+00  -1.0399292e+02
   4.7577302e+03   5.9896918e+00  -1.0409503e+02
   4.7873600e+03   5.9495776e+00  -1.0419739e+02
   4.8171743e+03   5.9096117e+00  -1.0430093e+02
   4.8471743e+03   5.8699065e+00  -1.0440477e+02
   4.8773611e+03   5.8304675e+00  -1.0450886e+02
   4.9077359e+03   5.7912932e+00  -1.0461321e+02
   4.9382999e+03   5.7523819e+00  -1.0471780e+02
   4.9690542e+03   5.7137319e+00  -1.0482265e+02
   5.0000000e+03   5.6753416e+00  -1.0492776e+02
