   1.0000000e+01   4.3140751e+02  -2.3803198e+02
   1.0062277e+01   4.2162438e+02  -2.3814663e+02
   1.0124942e+01   4.1201689e+02  -2.3826074e+02
   1.0187997e+01   4.0258219e+02  -2.3837432e+02
   1.0251445e+01   3.9331749e+02  -2.3848735e+02
   1.0315288e+01   3.8422003e+02  -2.3859984e+02
   1.0379529e+01   3.7528709e+02  -2.3871177e+02
   1.0444170e+01   3.6651599e+02  -2.3882315e+02
   1.0509213e+01   3.5790410e+02  -2.3893397e+02
   1.0574661e+01   3.4944882e+02  -2.3904422e+02
   1.0640517e+01   3.4114760e+02  -2.3915390e+02
   1.0706783e+01   3.3299792e+02  -2.3926301e+02
   1.0773462e+01   3.2499730e+02  -2.3937154e+02
   1.0840556e+01   3.1714329e+02  -2.3947949e+02
   1.0908068e+01   3.0943349e+02  -2.3958686e+02
   1.0976000e+01   3.0186553e+02  -2.3969364e+02
   1.1044356e+01   2.9443708e+02  -2.3979982e+02
   1.1113137e+01   2.8714583e+02  -2.3990541e+02
   1.1182346e+01   2.7998953e+02  -2.4001039e+02
   1.1251986e+01   2.7296594e+02  -2.4011478e+02
   1.1322061e+01   2.6607287e+02  -2.4021855e+02
   1.1392571e+01   2.5930815e+02  -2.4032172e+02
   1.1463521e+01   2.5266966e+02  -2.4042427e+02
   1.1534912e+01   2.4615530e+02  -2.4052620e+02
   1.1606748e+01   2.3976301e+02  -2.4062752e+02
   1.1679032e+01   2.3349074e+02  -2.4072820e+02
   1.1751766e+01   2.2733651e+02  -2.4082827e+02
   1.1824952e+01   2.2129833e+02  -2.4092770e+02
   1.1898595e+01   2.1537426e+02  -2.4102650e+02
   1.1972696e+01   2.0956240e+02  -2.4112466e+02
   1.2047258e+01   2.0386086e+02  -2.4122218e+02
   1.2122285e+01   1.9826779e+02  -2.4131906e+02
   1.2197779e+01   1.9278136e+02  -2.4141530e+02
   1.2273743e+01   1.8739977e+02  -2.4151089e+02
   1.2350181e+01   1.8212126e+02  -2.4160582e+02
   1.2427094e+01   1.7694409e+02  -2.4170011e+02
   1.2504486e+01   1.7186653e+02  -2.4179374e+02
   1.2582361e+01   1.6688690e+02  -2.4188671e+02
   1.2660720e+01   1.6200353e+02  -2.4197902e+02
   1.2739567e+01   1.5721480e+02  -2.4207067e+02
   1.2818906e+01   1.5251909e+02  -2.4216165e+02
   1.2898738e+01   1.4791481e+02  -2.4225196e+02
   1.2979068e+01   1.4340040e+02  -2.4234160e+02
   1.3059898e+01   1.3897433e+02  -2.4243058e+02
   1.3141231e+01   1.3463508e+02  -2.4251887e+02
   1.3223071e+01   1.3038115e+02  -2.4260650e+02
   1.3305420e+01   1.2621110e+02  -2.4269343e+02
   1.3388282e+01   1.2212347e+02  -2.4277969e+02
   1.3471661e+01   1.1811684e+02  -2.4286527e+02
   1.3555558e+01   1.1418982e+02  -2.4295016e+02
   1.3639979e+01   1.1034102e+02  -2.4303437e+02
   1.3724924e+01   1.0656910e+02  -2.4311788e+02
   1.3810399e+01   1.0287271e+02  -2.4320071e+02
   1.3896406e+01   9.9250558e+01  -2.4328285e+02
   1.3982949e+01   9.5701342e+01  -2.4336428e+02
   1.4070031e+01   9.2223792e+01  -2.4344503e+02
   1.4157655e+01   8.8816659e+01  -2.4352507e+02
   1.4245825e+01   8.5478711e+01  -2.4360442e+02
   1.4334544e+01   8.2208738e+01  -2.4368307e+02
   1.4423815e+01   7.9005548e+01  -2.4376102e+02
   1.4513643e+01   7.5867970e+01  -2.4383826e+02
   1.4604029e+01   7.2794849e+01  -2.4391480e+02
   1.4694979e+01   6.9785050e+01  -2.4399063e+02
   1.4786495e+01   6.6837455e+01  -2.4406575e+02
   1.4878581e+01   6.3950965e+01  -2.4414017e+02
   1.4971241e+01   6.1124498e+01  -2.4421387e+02
   1.5064477e+01   5.8356991e+01  -2.4428686e+02
   1.5158294e+01   5.5647396e+01  -2.4435915e+02
   1.5252696e+01   5.2994685e+01  -2.4443071e+02
   1.5347685e+01   5.0397844e+01  -2.4450156e+02
   1.5443266e+01   4.7855875e+01  -2.4457169e+02
   1.5539443e+01   4.5367798e+01  -2.4464111e+02
   1.5636218e+01   4.2932649e+01  -2.4470980e+02
   1.5733596e+01   4.0549478e+01  -2.4477778e+02
   1.5831580e+01   3.8217351e+01  -2.4484504e+02
   1.5930174e+01   3.5935352e+01  -2.4491158e+02
   1.6029383e+01   3.3702576e+01  -2.4497739e+02
   1.6129209e+01   3.1518136e+01  -2.4504248e+02
   1.6229657e+01   2.9381156e+01  -2.4510684e+02
   1.6330731e+01   2.7290779e+01  -2.4517048e+02
   1.6432434e+01   2.5246158e+01  -2.4523340e+02
   1.6534771e+01   2.3246463e+01  -2.4529559e+02
   1.6637744e+01   2.1290876e+01  -2.4535705e+02
   1.6741359e+01   1.9378593e+01  -2.4541778e+02
   1.6845620e+01   1.7508822e+01  -2.4547779e+02
   1.6950529e+01   1.5680787e+01  -2.4553706e+02
   1.7056092e+01   1.3893723e+01  -2.4559560e+02
   1.7162313e+01   1.2146876e+01  -2.4565342e+02
   1.7269195e+01   1.0439509e+01  -2.4571050e+02
   1.7376742e+01   8.7708934e+00  -2.4576685e+02
   1.7484960e+01   7.1403147e+00  -2.4582247e+02
   1.7593851e+01   5.5470698e+00  -2.4587735e+02
   1.7703420e+01   3.9904672e+00  -2.4593149e+02
   1.7813672e+01   2.4698274e+00  -2.4598491e+02
   1.7924611e+01   9.8448201e-01  -2.4603759e+02
   1.8036240e+01   4.6622582e-01  -6.6089532e+01
   1.8148564e+01   1.8829420e+00  -6.6140743e+01
   1.8261588e+01   3.2663016e+00  -6.6191220e+01
   1.8375316e+01   4.6169289e+00  -6.6240952e+01
   1.8489753e+01   5.9354377e+00  -6.6289947e+01
   1.8604901e+01   7.2224311e+00  -6.6338206e+01
   1.8720767e+01   8.4785023e+00  -6.6385728e+01
   1.8837355e+01   9.7042341e+00  -6.6432515e+01
   1.8954669e+01   1.0900200e+01  -6.6478564e+01
   1.9072713e+01   1.2066962e+01  -6.6523877e+01
   1.9191492e+01   1.3205075e+01  -6.6568448e+01
   1.9311011e+01   1.4315084e+01  -6.6612274e+01
   1.9431275e+01   1.5397523e+01  -6.6655362e+01
   1.9552287e+01   1.6452917e+01  -6.6697712e+01
   1.9674053e+01   1.7481782e+01  -6.6739324e+01
   1.9796577e+01   1.8484628e+01  -6.6780198e+01
   1.9919865e+01   1.9461953e+01  -6.6820334e+01
   2.0043920e+01   2.0414246e+01  -6.6859731e+01
   2.0168748e+01   2.1341994e+01  -6.6898376e+01
   2.0294353e+01   2.2245667e+01  -6.6936281e+01
   2.0420740e+01   2.3125730e+01  -6.6973448e+01
   2.0547915e+01   2.3982641e+01  -6.7009875e+01
   2.0675881e+01   2.4816849e+01  -6.7045563e+01
   2.0804645e+01   2.5628795e+01  -6.7080511e+01
   2.0934210e+01   2.6418914e+01  -6.7114721e+01
   2.1064582e+01   2.7187633e+01  -6.7148183e+01
   2.1195766e+01   2.7935370e+01  -6.7180894e+01
   2.1327767e+01   2.8662536e+01  -6.7212866e+01
   2.1460591e+01   2.9369536e+01  -6.7244098e+01
   2.1594241e+01   3.0056767e+01  -6.7274590e+01
   2.1728724e+01   3.0724619e+01  -6.7304343e+01
   2.1864044e+01   3.1373475e+01  -6.7333357e+01
   2.2000207e+01   3.2003712e+01  -6.7361631e+01
   2.2137218e+01   3.2615704e+01  -6.7389150e+01
   2.2275082e+01   3.3209810e+01  -6.7415928e+01
   2.2413805e+01   3.3786389e+01  -6.7441967e+01
   2.2553391e+01   3.4345790e+01  -6.7467267e+01
   2.2693848e+01   3.4888357e+01  -6.7491827e+01
   2.2835178e+01   3.5414430e+01  -6.7515648e+01
   2.2977389e+01   3.5924341e+01  -6.7538731e+01
   2.3120486e+01   3.6418417e+01  -6.7561064e+01
   2.3264473e+01   3.6896982e+01  -6.7582645e+01
   2.3409358e+01   3.7360346e+01  -6.7603488e+01
   2.3555145e+01   3.7808819e+01  -6.7623592e+01
   2.3701839e+01   3.8242705e+01  -6.7642958e+01
   2.3849447e+01   3.8662301e+01  -6.7661585e+01
   2.3997975e+01   3.9067902e+01  -6.7679473e+01
   2.4147427e+01   3.9459793e+01  -6.7696624e+01
   2.4297811e+01   3.9838259e+01  -6.7713010e+01
   2.4449130e+01   4.0203576e+01  -6.7728659e+01
   2.4601393e+01   4.0556017e+01  -6.7743569e+01
   2.4754603e+01   4.0895849e+01  -6.7757741e+01
   2.4908767e+01   4.1223334e+01  -6.7771176e+01
   2.5063892e+01   4.1538730e+01  -6.7783873e+01
   2.5219983e+01   4.1842290e+01  -6.7795834e+01
   2.5377046e+01   4.2134271e+01  -6.7807042e+01
   2.5535086e+01   4.2414918e+01  -6.7817498e+01
   2.5694112e+01   4.2684461e+01  -6.7827218e+01
   2.5854127e+01   4.2943137e+01  -6.7836201e+01
   2.6015139e+01   4.3191175e+01  -6.7844447e+01
   2.6177154e+01   4.3428803e+01  -6.7851958e+01
   2.6340178e+01   4.3656243e+01  -6.7858733e+01
   2.6504217e+01   4.3873713e+01  -6.7864771e+01
   2.6669277e+01   4.4081435e+01  -6.7870043e+01
   2.6835366e+01   4.4279612e+01  -6.7874580e+01
   2.7002489e+01   4.4468451e+01  -6.7878382e+01
   2.7170653e+01   4.4648154e+01  -6.7881449e+01
   2.7339864e+01   4.4818921e+01  -6.7883781e+01
   2.7510128e+01   4.4980946e+01  -6.7885380e+01
   2.7681454e+01   4.5134423e+01  -6.7886244e+01
   2.7853846e+01   4.5279545e+01  -6.7886354e+01
   2.8027311e+01   4.5416497e+01  -6.7885716e+01
   2.8201857e+01   4.5545453e+01  -6.7884344e+01
   2.8377490e+01   4.5666592e+01  -6.7882238e+01
   2.8554217e+01   4.5780087e+01  -6.7879400e+01
   2.8732045e+01   4.5886111e+01  -6.7875830e+01
   2.8910980e+01   4.5984830e+01  -6.7871527e+01
   2.9091029e+01   4.6076412e+01  -6.7866489e+01
   2.9272199e+01   4.6161033e+01  -6.7860683e+01
   2.9454498e+01   4.6238836e+01  -6.7854144e+01
   2.9637932e+01   4.6309976e+01  -6.7846875e+01
   2.9822509e+01   4.6374605e+01  -6.7838874e+01
   3.0008235e+01   4.6432875e+01  -6.7830143e+01
   3.0195118e+01   4.6484931e+01  -6.7820682e+01
   3.0383164e+01   4.6530918e+01  -6.7810492e+01
   3.0572382e+01   4.6570986e+01  -6.7799541e+01
   3.0762778e+01   4.6605273e+01  -6.7787840e+01
   3.0954359e+01   4.6633906e+01  -6.7775410e+01
   3.1147134e+01   4.6657021e+01  -6.7762252e+01
   3.1341109e+01   4.6674748e+01  -6.7748365e+01
   3.1536293e+01   4.6687214e+01  -6.7733750e+01
   3.1732692e+01   4.6694548e+01  -6.7718407e+01
   3.1930314e+01   4.6696874e+01  -6.7702329e+01
   3.2129167e+01   4.6694335e+01  -6.7685476e+01
   3.2329258e+01   4.6687026e+01  -6.7667895e+01
   3.2530595e+01   4.6675065e+01  -6.7649587e+01
   3.2733186e+01   4.6658564e+01  -6.7630553e+01
   3.2937039e+01   4.6637636e+01  -6.7610794e+01
   3.3142162e+01   4.6612391e+01  -6.7590309e+01
   3.3348561e+01   4.6582936e+01  -6.7569100e+01
   3.3556247e+01   4.6549398e+01  -6.7547122e+01
   3.3765225e+01   4.6511871e+01  -6.7524398e+01
   3.3975505e+01   4.6470445e+01  -6.7500949e+01
   3.4187095e+01   4.6425220e+01  -6.7476777e+01
   3.4400002e+01   4.6376295e+01  -6.7451881e+01
   3.4614236e+01   4.6323763e+01  -6.7426263e+01
   3.4829803e+01   4.6267720e+01  -6.7399923e+01
   3.5046713e+01   4.6208262e+01  -6.7372848e+01
   3.5264974e+01   4.6145500e+01  -6.7344995e+01
   3.5484594e+01   4.6079496e+01  -6.7316420e+01
   3.5705582e+01   4.6010338e+01  -6.7287125e+01
   3.5927946e+01   4.5938109e+01  -6.7257109e+01
   3.6151695e+01   4.5862894e+01  -6.7226374e+01
   3.6376837e+01   4.5784773e+01  -6.7194919e+01
   3.6603382e+01   4.5703826e+01  -6.7162746e+01
   3.6831337e+01   4.5620159e+01  -6.7129812e+01
   3.7060712e+01   4.5533832e+01  -6.7096144e+01
   3.7291515e+01   4.5444910e+01  -6.7061758e+01
   3.7523756e+01   4.5353466e+01  -6.7026655e+01
   3.7757443e+01   4.5259572e+01  -6.6990836e+01
   3.7992586e+01   4.5163298e+01  -6.6954302e+01
   3.8229193e+01   4.5064713e+01  -6.6917053e+01
   3.8467273e+01   4.4963895e+01  -6.6879064e+01
   3.8706836e+01   4.4860926e+01  -6.6840279e+01
   3.8947891e+01   4.4755846e+01  -6.6800779e+01
   3.9190447e+01   4.4648718e+01  -6.6760566e+01
   3.9434514e+01   4.4539605e+01  -6.6719639e+01
   3.9680101e+01   4.4428568e+01  -6.6678000e+01
   3.9927217e+01   4.4315665e+01  -6.6635649e+01
   4.0175872e+01   4.4200956e+01  -6.6592589e+01
   4.0426076e+01   4.4084545e+01  -6.6548738e+01
   4.0677838e+01   4.3966454e+01  -6.6504154e+01
   4.0931168e+01   4.3846727e+01  -6.6458859e+01
   4.1186075e+01   4.3725415e+01  -6.6412855e+01
   4.1442570e+01   4.3602572e+01  -6.6366142e+01
   4.1700663e+01   4.3478248e+01  -6.6318722e+01
   4.1960363e+01   4.3352495e+01  -6.6270595e+01
   4.2221680e+01   4.3225378e+01  -6.6221735e+01
   4.2484624e+01   4.3096969e+01  -6.6172103e+01
   4.2749206e+01   4.2967276e+01  -6.6121766e+01
   4.3015436e+01   4.2836344e+01  -6.6070723e+01
   4.3283323e+01   4.2704218e+01  -6.6018977e+01
   4.3552880e+01   4.2570943e+01  -6.5966528e+01
   4.3824114e+01   4.2436561e+01  -6.5913378e+01
   4.4097038e+01   4.2301115e+01  -6.5859526e+01
   4.4371662e+01   4.2164728e+01  -6.5804843e+01
   4.4647996e+01   4.2027376e+01  -6.5749430e+01
   4.4926051e+01   4.1889083e+01  -6.5693316e+01
   4.5205837e+01   4.1749887e+01  -6.5636502e+01
   4.5487366e+01   4.1609826e+01  -6.5578989e+01
   4.5770648e+01   4.1468935e+01  -6.5520778e+01
   4.6055695e+01   4.1327251e+01  -6.5461870e+01
   4.6342516e+01   4.1184824e+01  -6.5402212e+01
   4.6631124e+01   4.1041699e+01  -6.5341757e+01
   4.6921529e+01   4.0897886e+01  -6.5280604e+01
   4.7213743e+01   4.0753416e+01  -6.5218755e+01
   4.7507777e+01   4.0608321e+01  -6.5156212e+01
   4.7803641e+01   4.0462632e+01  -6.5092975e+01
   4.8101349e+01   4.0316381e+01  -6.5029045e+01
   4.8400910e+01   4.0169596e+01  -6.4964424e+01
   4.8702337e+01   4.0022428e+01  -6.4899028e+01
   4.9005641e+01   3.9874804e+01  -6.4832929e+01
   4.9310834e+01   3.9726733e+01  -6.4766140e+01
   4.9617928e+01   3.9578244e+01  -6.4698664e+01
   4.9926934e+01   3.9429362e+01  -6.4630500e+01
   5.0237864e+01   3.9280112e+01  -6.4561651e+01
   5.0550731e+01   3.9130521e+01  -6.4492117e+01
   5.0865547e+01   3.8980661e+01  -6.4421857e+01
   5.1182323e+01   3.8830583e+01  -6.4350850e+01
   5.1501072e+01   3.8680235e+01  -6.4279161e+01
   5.1821805e+01   3.8529642e+01  -6.4206790e+01
   5.2144537e+01   3.8378824e+01  -6.4133740e+01
   5.2469278e+01   3.8227804e+01  -6.4060011e+01
   5.2796041e+01   3.8076601e+01  -6.3985605e+01
   5.3124840e+01   3.7925237e+01  -6.3910523e+01
   5.3455686e+01   3.7773920e+01  -6.3834321e+01
   5.3788593e+01   3.7622499e+01  -6.3757403e+01
   5.4123572e+01   3.7470978e+01  -6.3679801e+01
   5.4460638e+01   3.7319375e+01  -6.3601518e+01
   5.4799804e+01   3.7167709e+01  -6.3522555e+01
   5.5141081e+01   3.7015996e+01  -6.3442913e+01
   5.5484484e+01   3.6864254e+01  -6.3362593e+01
   5.5830025e+01   3.6712337e+01  -6.3281578e+01
   5.6177718e+01   3.6560227e+01  -6.3199865e+01
   5.6527577e+01   3.6408129e+01  -6.3117474e+01
   5.6879615e+01   3.6256057e+01  -6.3034408e+01
   5.7233844e+01   3.6104025e+01  -6.2950667e+01
   5.7590280e+01   3.5952047e+01  -6.2866252e+01
   5.7948936e+01   3.5800137e+01  -6.2781165e+01
   5.8309825e+01   3.5648307e+01  -6.2695407e+01
   5.8672962e+01   3.5497208e+01  -6.2608521e+01
   5.9038360e+01   3.5346237e+01  -6.2520952e+01
   5.9406034e+01   3.5195395e+01  -6.2432706e+01
   5.9775998e+01   3.5044694e+01  -6.2343786e+01
   6.0148266e+01   3.4894145e+01  -6.2254192e+01
   6.0522852e+01   3.4743758e+01  -6.2163925e+01
   6.0899770e+01   3.4593544e+01  -6.2072986e+01
   6.1279037e+01   3.4443816e+01  -6.1981701e+01
   6.1660665e+01   3.4294578e+01  -6.1890072e+01
   6.2044670e+01   3.4145551e+01  -6.1797795e+01
   6.2431066e+01   3.3996743e+01  -6.1704870e+01
   6.2819869e+01   3.3848162e+01  -6.1611301e+01
   6.3211093e+01   3.3699817e+01  -6.1517087e+01
   6.3604753e+01   3.3551716e+01  -6.1422231e+01
   6.4000865e+01   3.3403852e+01  -6.1326692e+01
   6.4399444e+01   3.3255849e+01  -6.1229373e+01
   6.4800505e+01   3.3108107e+01  -6.1131382e+01
   6.5204064e+01   3.2960634e+01  -6.1032720e+01
   6.5610136e+01   3.2813435e+01  -6.0933387e+01
   6.6018737e+01   3.2666516e+01  -6.0833385e+01
   6.6429883e+01   3.2519884e+01  -6.0732713e+01
   6.6843589e+01   3.2373544e+01  -6.0631371e+01
   6.7259872e+01   3.2227752e+01  -6.0529445e+01
   6.7678747e+01   3.2082465e+01  -6.0426921e+01
   6.8100231e+01   3.1937491e+01  -6.0323736e+01
   6.8524339e+01   3.1792835e+01  -6.0219891e+01
   6.8951089e+01   3.1648501e+01  -6.0115386e+01
   6.9380497e+01   3.1504492e+01  -6.0010221e+01
   6.9812578e+01   3.1360812e+01  -5.9904396e+01
   7.0247351e+01   3.1217485e+01  -5.9797861e+01
   7.0684831e+01   3.1074718e+01  -5.9690129e+01
   7.1125036e+01   3.0932294e+01  -5.9581725e+01
   7.1567982e+01   3.0790217e+01  -5.9472647e+01
   7.2013687e+01   3.0648488e+01  -5.9362896e+01
   7.2462167e+01   3.0507111e+01  -5.9252470e+01
   7.2913441e+01   3.0366086e+01  -5.9141370e+01
   7.3367525e+01   3.0225415e+01  -5.9029595e+01
   7.3824437e+01   3.0085307e+01  -5.8916920e+01
   7.4284194e+01   2.9945690e+01  -5.8803422e+01
   7.4746814e+01   2.9806439e+01  -5.8689240e+01
   7.5212316e+01   2.9667553e+01  -5.8574371e+01
   7.5680717e+01   2.9529033e+01  -5.8458815e+01
   7.6152034e+01   2.9390881e+01  -5.8342569e+01
   7.6626287e+01   2.9253095e+01  -5.8225632e+01
   7.7103494e+01   2.9115740e+01  -5.8107987e+01
   7.7583672e+01   2.8979150e+01  -5.7989559e+01
   7.8066841e+01   2.8842934e+01  -5.7870435e+01
   7.8553019e+01   2.8707092e+01  -5.7750613e+01
   7.9042224e+01   2.8571623e+01  -5.7630092e+01
   7.9534476e+01   2.8436528e+01  -5.7508867e+01
   8.0029794e+01   2.8301804e+01  -5.7386937e+01
   8.0528197e+01   2.8167451e+01  -5.7264298e+01
   8.1029703e+01   2.8033662e+01  -5.7140666e+01
   8.1534333e+01   2.7900343e+01  -5.7016171e+01
   8.2042105e+01   2.7767397e+01  -5.6890949e+01
   8.2553040e+01   2.7634821e+01  -5.6764996e+01
   8.3067156e+01   2.7502614e+01  -5.6638307e+01
   8.3584474e+01   2.7370774e+01  -5.6510878e+01
   8.4105014e+01   2.7239298e+01  -5.6382703e+01
   8.4628796e+01   2.7108280e+01  -5.6253735e+01
   8.5155840e+01   2.6978034e+01  -5.6123824e+01
   8.5686166e+01   2.6848155e+01  -5.5993153e+01
   8.6219795e+01   2.6718638e+01  -5.5861714e+01
   8.6756747e+01   2.6589483e+01  -5.5729502e+01
   8.7297043e+01   2.6460685e+01  -5.5596510e+01
   8.7840704e+01   2.6332243e+01  -5.5462732e+01
   8.8387750e+01   2.6204152e+01  -5.5328159e+01
   8.8938204e+01   2.6076831e+01  -5.5192619e+01
   8.9492085e+01   2.5950029e+01  -5.5056207e+01
   9.0049416e+01   2.5823580e+01  -5.4918979e+01
   9.0610218e+01   2.5697479e+01  -5.4780926e+01
   9.1174512e+01   2.5571724e+01  -5.4642040e+01
   9.1742321e+01   2.5446310e+01  -5.4502311e+01
   9.2313665e+01   2.5321235e+01  -5.4361729e+01
   9.2888568e+01   2.5196590e+01  -5.4220163e+01
   9.3467052e+01   2.5072582e+01  -5.4077340e+01
   9.4049137e+01   2.4948909e+01  -5.3933625e+01
   9.4634848e+01   2.4825566e+01  -5.3789007e+01
   9.5224207e+01   2.4702549e+01  -5.3643473e+01
   9.5817236e+01   2.4579855e+01  -5.3497011e+01
   9.6413958e+01   2.4457479e+01  -5.3349607e+01
   9.7014396e+01   2.4335416e+01  -5.3201248e+01
   9.7618574e+01   2.4214205e+01  -5.3051984e+01
   9.8226514e+01   2.4093473e+01  -5.2901767e+01
   9.8838241e+01   2.3973052e+01  -5.2750565e+01
   9.9453777e+01   2.3852940e+01  -5.2598362e+01
   1.0007315e+02   2.3733132e+01  -5.2445143e+01
   1.0069637e+02   2.3613623e+01  -5.2290890e+01
   1.0132348e+02   2.3494409e+01  -5.2135586e+01
   1.0195449e+02   2.3375686e+01  -5.1979209e+01
   1.0258944e+02   2.3257738e+01  -5.1821737e+01
   1.0322834e+02   2.3140083e+01  -5.1663171e+01
   1.0387121e+02   2.3022717e+01  -5.1503493e+01
   1.0451809e+02   2.2905635e+01  -5.1342681e+01
   1.0516900e+02   2.2788832e+01  -5.1180715e+01
   1.0582396e+02   2.2672305e+01  -5.1017574e+01
   1.0648300e+02   2.2556049e+01  -5.0853235e+01
   1.0714615e+02   2.2440750e+01  -5.0687385e+01
   1.0781342e+02   2.2325878e+01  -5.0520235e+01
   1.0848485e+02   2.2211279e+01  -5.0351824e+01
   1.0916047e+02   2.2096948e+01  -5.0182128e+01
   1.0984029e+02   2.1982882e+01  -5.0011122e+01
   1.1052434e+02   2.1869076e+01  -4.9838779e+01
   1.1121265e+02   2.1755526e+01  -4.9665072e+01
   1.1190526e+02   2.1642437e+01  -4.9490074e+01
   1.1260217e+02   2.1529997e+01  -4.9313862e+01
   1.1330342e+02   2.1417809e+01  -4.9136222e+01
   1.1400904e+02   2.1305871e+01  -4.8957122e+01
   1.1471906e+02   2.1194178e+01  -4.8776533e+01
   1.1543350e+02   2.1082726e+01  -4.8594422e+01
   1.1615238e+02   2.0971513e+01  -4.8410756e+01
   1.1687575e+02   2.0860534e+01  -4.8225503e+01
   1.1760361e+02   2.0750709e+01  -4.8038962e+01
   1.1833602e+02   2.0641262e+01  -4.7850846e+01
   1.1907298e+02   2.0532054e+01  -4.7661074e+01
   1.1981453e+02   2.0423082e+01  -4.7469608e+01
   1.2056070e+02   2.0314344e+01  -4.7276412e+01
   1.2131152e+02   2.0205836e+01  -4.7081446e+01
   1.2206701e+02   2.0097555e+01  -4.6884671e+01
   1.2282721e+02   1.9989796e+01  -4.6686265e+01
   1.2359214e+02   1.9882715e+01  -4.6486322e+01
   1.2436184e+02   1.9775863e+01  -4.6284481e+01
   1.2513633e+02   1.9669237e+01  -4.6080700e+01
   1.2591564e+02   1.9562836e+01  -4.5874935e+01
   1.2669981e+02   1.9456657e+01  -4.5667140e+01
   1.2748886e+02   1.9350698e+01  -4.5457268e+01
   1.2828282e+02   1.9244956e+01  -4.5245273e+01
   1.2908173e+02   1.9140467e+01  -4.5032406e+01
   1.2988561e+02   1.9036289e+01  -4.4817494e+01
   1.3069450e+02   1.8932337e+01  -4.4600383e+01
   1.3150843e+02   1.8828608e+01  -4.4381023e+01
   1.3232743e+02   1.8725101e+01  -4.4159363e+01
   1.3315153e+02   1.8621816e+01  -4.3935348e+01
   1.3398075e+02   1.8518752e+01  -4.3708926e+01
   1.3481515e+02   1.8416301e+01  -4.3480307e+01
   1.3565474e+02   1.8314561e+01  -4.3249529e+01
   1.3649956e+02   1.8213050e+01  -4.3016220e+01
   1.3734964e+02   1.8111769e+01  -4.2780323e+01
   1.3820501e+02   1.8010716e+01  -4.2541779e+01
   1.3906571e+02   1.7909894e+01  -4.2300527e+01
   1.3993177e+02   1.7809300e+01  -4.2056504e+01
   1.4080323e+02   1.7708938e+01  -4.1809647e+01
   1.4168011e+02   1.7609939e+01  -4.1561927e+01
   1.4256245e+02   1.7511209e+01  -4.1311394e+01
   1.4345029e+02   1.7412721e+01  -4.1057933e+01
   1.4434366e+02   1.7314476e+01  -4.0801478e+01
   1.4524259e+02   1.7216476e+01  -4.0541961e+01
   1.4614712e+02   1.7118722e+01  -4.0279313e+01
   1.4705728e+02   1.7021215e+01  -4.0013464e+01
   1.4797311e+02   1.6924425e+01  -3.9745456e+01
   1.4889464e+02   1.6828354e+01  -3.9475287e+01
   1.4982192e+02   1.6732542e+01  -3.9201799e+01
   1.5075496e+02   1.6636991e+01  -3.8924918e+01
   1.5169382e+02   1.6541704e+01  -3.8644569e+01
   1.5263853e+02   1.6446684e+01  -3.8360675e+01
   1.5358912e+02   1.6351933e+01  -3.8073159e+01
   1.5454562e+02   1.6257486e+01  -3.7782025e+01
   1.5550809e+02   1.6164440e+01  -3.7490195e+01
   1.5647655e+02   1.6071676e+01  -3.7194642e+01
   1.5745104e+02   1.5979199e+01  -3.6895285e+01
   1.5843160e+02   1.5887013e+01  -3.6592043e+01
   1.5941827e+02   1.5795120e+01  -3.6284833e+01
   1.6041108e+02   1.5703526e+01  -3.5973571e+01
   1.6141007e+02   1.5612235e+01  -3.5658170e+01
   1.6241529e+02   1.5521884e+01  -3.5341056e+01
   1.6342676e+02   1.5432353e+01  -3.5021796e+01
   1.6444454e+02   1.5343134e+01  -3.4698318e+01
   1.6546865e+02   1.5254231e+01  -3.4370533e+01
   1.6649914e+02   1.5165646e+01  -3.4038352e+01
   1.6753605e+02   1.5077386e+01  -3.3701683e+01
   1.6857942e+02   1.4989454e+01  -3.3360435e+01
   1.6962928e+02   1.4901919e+01  -3.3014801e+01
   1.7068568e+02   1.4815470e+01  -3.2667845e+01
   1.7174866e+02   1.4729355e+01  -3.2316163e+01
   1.7281827e+02   1.4643579e+01  -3.1959658e+01
   1.7389453e+02   1.4558146e+01  -3.1598229e+01
   1.7497749e+02   1.4473060e+01  -3.1231770e+01
   1.7606720e+02   1.4388324e+01  -3.0860174e+01
   1.7716370e+02   1.4303943e+01  -3.0483329e+01
   1.7826702e+02   1.4220394e+01  -3.0103587e+01
   1.7937722e+02   1.4137509e+01  -2.9720098e+01
   1.8049433e+02   1.4054982e+01  -2.9331157e+01
   1.8161839e+02   1.3972816e+01  -2.8936637e+01
   1.8274946e+02   1.3891016e+01  -2.8536402e+01
   1.8388757e+02   1.3809586e+01  -2.8130313e+01
   1.8503277e+02   1.3728534e+01  -2.7718223e+01
   1.8618510e+02   1.3647973e+01  -2.7300827e+01
   1.8734461e+02   1.3568510e+01  -2.6882877e+01
   1.8851134e+02   1.3489428e+01  -2.6458669e+01
   1.8968533e+02   1.3410737e+01  -2.6028034e+01
   1.9086664e+02   1.3332450e+01  -2.5590801e+01
   1.9205530e+02   1.3254582e+01  -2.5146796e+01
   1.9325136e+02   1.3177149e+01  -2.4695845e+01
   1.9445488e+02   1.3100172e+01  -2.4237772e+01
   1.9566589e+02   1.3023886e+01  -2.3777097e+01
   1.9688444e+02   1.2948186e+01  -2.3311571e+01
   1.9811058e+02   1.2872975e+01  -2.2838610e+01
   1.9934435e+02   1.2798277e+01  -2.2358061e+01
   2.0058581e+02   1.2724116e+01  -2.1869776e+01
   2.0183500e+02   1.2650515e+01  -2.1373615e+01
   2.0309197e+02   1.2577496e+01  -2.0869445e+01
   2.0435677e+02   1.2505179e+01  -2.0358480e+01
   2.0562945e+02   1.2433908e+01  -1.9845395e+01
   2.0691005e+02   1.2363248e+01  -1.9324126e+01
   2.0819862e+02   1.2293213e+01  -1.8794547e+01
   2.0949522e+02   1.2223819e+01  -1.8256529e+01
   2.1079990e+02   1.2155077e+01  -1.7709936e+01
   2.1211270e+02   1.2087001e+01  -1.7154624e+01
   2.1343368e+02   1.2019600e+01  -1.6590442e+01
   2.1476288e+02   1.1953057e+01  -1.6023797e+01
   2.1610036e+02   1.1887243e+01  -1.5450820e+01
   2.1744617e+02   1.1822091e+01  -1.4868649e+01
   2.1880037e+02   1.1757612e+01  -1.4277082e+01
   2.2016299e+02   1.1693815e+01  -1.3675906e+01
   2.2153410e+02   1.1630714e+01  -1.3064895e+01
   2.2291375e+02   1.1568321e+01  -1.2443810e+01
   2.2430200e+02   1.1506600e+01  -1.1814391e+01
   2.2569888e+02   1.1445426e+01  -1.1180963e+01
   2.2710447e+02   1.1384967e+01  -1.0536776e+01
   2.2851881e+02   1.1325243e+01  -9.8815365e+00
   2.2994196e+02   1.1266277e+01  -9.2149344e+00
   2.3137397e+02   1.1208094e+01  -8.5366491e+00
   2.3281491e+02   1.1150721e+01  -7.8463470e+00
   2.3426481e+02   1.1094191e+01  -7.1436826e+00
   2.3572374e+02   1.1038300e+01  -6.4357114e+00
   2.3719176e+02   1.0983206e+01  -5.7170769e+00
   2.3866892e+02   1.0929020e+01  -4.9850643e+00
   2.4015529e+02   1.0875788e+01  -4.2392747e+00
   2.4165090e+02   1.0823558e+01  -3.4792987e+00
   2.4315584e+02   1.0772387e+01  -2.7047179e+00
   2.4467014e+02   1.0722333e+01  -1.9151057e+00
   2.4619388e+02   1.0673308e+01  -1.1111570e+00
   2.4772710e+02   1.0625139e+01  -2.9410488e-01
   2.4926987e+02   1.0578281e+01   5.3932143e-01
   2.5082225e+02   1.0532819e+01   1.3895699e+00
   2.5238430e+02   1.0488844e+01   2.2570871e+00
   2.5395608e+02   1.0446455e+01   3.1423155e+00
   2.5553764e+02   1.0405759e+01   4.0456896e+00
   2.5712906e+02   1.0366870e+01   4.9676328e+00
   2.5873039e+02   1.0329155e+01   5.8968595e+00
   2.6034168e+02   1.0293268e+01   6.8427312e+00
   2.6196302e+02   1.0259519e+01   7.8083302e+00
   2.6359445e+02   1.0228060e+01   8.7940009e+00
   2.6523604e+02   1.0199053e+01   9.8000503e+00
   2.6688785e+02   1.0172672e+01   1.0826741e+01
   2.6854995e+02   1.0149099e+01   1.1874285e+01
   2.7022240e+02   1.0128208e+01   1.2939945e+01
   2.7190527e+02   1.0109871e+01   1.4021075e+01
   2.7359862e+02   1.0094916e+01   1.5123380e+01
   2.7530251e+02   1.0083570e+01   1.6246797e+01
   2.7701702e+02   1.0076068e+01   1.7391169e+01
   2.7874220e+02   1.0072660e+01   1.8556244e+01
   2.8047812e+02   1.0073601e+01   1.9741660e+01
   2.8222486e+02   1.0079160e+01   2.0946941e+01
   2.8398248e+02   1.0088579e+01   2.2165252e+01
   2.8575104e+02   1.0102974e+01   2.3401236e+01
   2.8753061e+02   1.0122795e+01   2.4655039e+01
   2.8932127e+02   1.0148337e+01   2.5925679e+01
   2.9112308e+02   1.0179901e+01   2.7212040e+01
   2.9293611e+02   1.0217793e+01   2.8512871e+01
   2.9476043e+02   1.0262318e+01   2.9826790e+01
   2.9659611e+02   1.0313228e+01   3.1149403e+01
   2.9844323e+02   1.0370479e+01   3.2477550e+01
   3.0030185e+02   1.0435232e+01   3.3814059e+01
   3.0217204e+02   1.0507789e+01   3.5157095e+01
   3.0405388e+02   1.0588447e+01   3.6504733e+01
   3.0594744e+02   1.0677495e+01   3.7854979e+01
   3.0785279e+02   1.0775217e+01   3.9205784e+01
   3.0977001e+02   1.0881888e+01   4.0555061e+01
   3.1169917e+02   1.0996206e+01   4.1895504e+01
   3.1364034e+02   1.1119788e+01   4.3229903e+01
   3.1559360e+02   1.1253017e+01   4.4556666e+01
   3.1755903e+02   1.1396124e+01   4.5873753e+01
   3.1953670e+02   1.1549330e+01   4.7179183e+01
   3.2152668e+02   1.1712842e+01   4.8471047e+01
   3.2352905e+02   1.1886858e+01   4.9747528e+01
   3.2554390e+02   1.2070744e+01   5.1004933e+01
   3.2757129e+02   1.2264400e+01   5.2241265e+01
   3.2961131e+02   1.2469008e+01   5.3457606e+01
   3.3166404e+02   1.2684725e+01   5.4652618e+01
   3.3372955e+02   1.2911699e+01   5.5825098e+01
   3.3580792e+02   1.3150072e+01   5.6973986e+01
   3.3789923e+02   1.3399986e+01   5.8098361e+01
   3.4000357e+02   1.3661574e+01   5.9197442e+01
   3.4212102e+02   1.3932892e+01   6.0266346e+01
   3.4425165e+02   1.4215978e+01   6.1308826e+01
   3.4639555e+02   1.4511034e+01   6.2324645e+01
   3.4855280e+02   1.4818193e+01   6.3313541e+01
   3.5072348e+02   1.5137597e+01   6.4275366e+01
   3.5290769e+02   1.5469393e+01   6.5210078e+01
   3.5510550e+02   1.5813735e+01   6.6117731e+01
   3.5731699e+02   1.6169554e+01   6.6997601e+01
   3.5954226e+02   1.6536901e+01   6.7850005e+01
   3.6178138e+02   1.6917203e+01   6.8676170e+01
   3.6403445e+02   1.7310659e+01   6.9476454e+01
   3.6630156e+02   1.7717485e+01   7.0251269e+01
   3.6858278e+02   1.8137916e+01   7.1001074e+01
   3.7087820e+02   1.8572205e+01   7.1726373e+01
   3.7318793e+02   1.9020566e+01   7.2427669e+01
   3.7551203e+02   1.9480106e+01   7.3104110e+01
   3.7785061e+02   1.9954235e+01   7.3757889e+01
   3.8020376e+02   2.0443296e+01   7.4389606e+01
   3.8257156e+02   2.0947660e+01   7.4999873e+01
   3.8495410e+02   2.1467728e+01   7.5589310e+01
   3.8735149e+02   2.2003933e+01   7.6158543e+01
   3.8976380e+02   2.2556741e+01   7.6708196e+01
   3.9219114e+02   2.3124814e+01   7.7238349e+01
   3.9463359e+02   2.3708867e+01   7.7749809e+01
   3.9709125e+02   2.4310975e+01   7.8243675e+01
   3.9956422e+02   2.4931761e+01   7.8720546e+01
   4.0205260e+02   2.5571891e+01   7.9181017e+01
   4.0455646e+02   2.6232083e+01   7.9625666e+01
   4.0707592e+02   2.6913109e+01   8.0055063e+01
   4.0961108e+02   2.7615510e+01   8.0469790e+01
   4.1216202e+02   2.8336585e+01   8.0870789e+01
   4.1472884e+02   2.9080965e+01   8.1258274e+01
   4.1731165e+02   2.9849667e+01   8.1632756e+01
   4.1991055e+02   3.0643790e+01   8.1994729e+01
   4.2252563e+02   3.1464510e+01   8.2344673e+01
   4.2515700e+02   3.2313096e+01   8.2683052e+01
   4.2780475e+02   3.3190913e+01   8.3010317e+01
   4.3046900e+02   3.4096582e+01   8.3327417e+01
   4.3314984e+02   3.5032416e+01   8.3634688e+01
   4.3584737e+02   3.6001988e+01   8.3932211e+01
   4.3856170e+02   3.7007129e+01   8.4220378e+01
   4.4129294e+02   3.8049819e+01   8.4499569e+01
   4.4404118e+02   3.9132198e+01   8.4770149e+01
   4.4680654e+02   4.0256582e+01   8.5032476e+01
   4.4958912e+02   4.1424627e+01   8.5286857e+01
   4.5238904e+02   4.2633550e+01   8.5533476e+01
   4.5520638e+02   4.3892277e+01   8.5772959e+01
   4.5804128e+02   4.5204014e+01   8.6005618e+01
   4.6089383e+02   4.6572256e+01   8.6231757e+01
   4.6376414e+02   4.8000821e+01   8.6451671e+01
   4.6665233e+02   4.9493888e+01   8.6665651e+01
   4.6955851e+02   5.1056039e+01   8.6873980e+01
   4.7248278e+02   5.2689104e+01   8.7079091e+01
   4.7542527e+02   5.4399868e+01   8.7280314e+01
   4.7838608e+02   5.6196119e+01   8.7476762e+01
   4.8136533e+02   5.8084599e+01   8.7668703e+01
   4.8436314e+02   6.0072784e+01   8.7856407e+01
   4.8737961e+02   6.2168988e+01   8.8040145e+01
   4.9041487e+02   6.4382478e+01   8.8220191e+01
   4.9346903e+02   6.6722170e+01   8.8397144e+01
   4.9654221e+02   6.9193953e+01   8.8572526e+01
   4.9963454e+02   7.1817492e+01   8.8745147e+01
   5.0274612e+02   7.4607512e+01   8.8915316e+01
   5.0587707e+02   7.7580709e+01   8.9083356e+01
   5.0902753e+02   8.0756090e+01   8.9249615e+01
   5.1219761e+02   8.4155387e+01   8.9414464e+01
   5.1538743e+02   8.7803564e+01   8.9578307e+01
   5.1859711e+02   9.1723153e+01   8.9743614e+01
   5.2182678e+02   9.5950553e+01   8.9909757e+01
   5.2507657e+02   1.0052730e+02   9.0076426e+01
   5.2834660e+02   1.0549913e+02   9.0244246e+01
   5.3163699e+02   1.1092015e+02   9.0413936e+01
   5.3494787e+02   1.1685479e+02   9.0586330e+01
   5.3827937e+02   1.2338041e+02   9.0762408e+01
   5.4163162e+02   1.3058780e+02   9.0943898e+01
   5.4500474e+02   1.3858352e+02   9.1133592e+01
   5.4839888e+02   1.4751859e+02   9.1331303e+01
   5.5181415e+02   1.5756998e+02   9.1539158e+01
   5.5525069e+02   1.6896205e+02   9.1759832e+01
   5.5870863e+02   1.8198354e+02   9.1996745e+01
   5.6218810e+02   1.9701242e+02   9.2254356e+01
   5.6568925e+02   2.1455324e+02   9.2538595e+01
   5.6921220e+02   2.3527775e+02   9.2859461e+01
   5.7275709e+02   2.6015890e+02   9.3227002e+01
   5.7632405e+02   2.9059681e+02   9.3656925e+01
   5.7991323e+02   3.2868663e+02   9.4173762e+01
   5.8352477e+02   3.7772433e+02   9.4816136e+01
   5.8715879e+02   4.4320657e+02   9.5648564e+01
   5.9081545e+02   5.3502138e+02   9.6787467e+01
   5.9449487e+02   6.7286053e+02   9.8467144e+01
   5.9819722e+02   9.0210910e+02   1.0123297e+02
   6.0192262e+02   1.3535354e+03   1.0668992e+02
   6.0567122e+02   2.5586529e+03   1.2208626e+02
   6.0944316e+02   4.8384678e+03   1.9185244e+02
   6.1323860e+02   2.1864594e+03   2.4459477e+02
   6.1705767e+02   1.2443317e+03   2.5636205e+02
   6.2090053e+02   8.6172691e+02   2.6097025e+02
   6.2476732e+02   6.5849164e+02   2.6341547e+02
   6.2865819e+02   5.3307327e+02   2.6493698e+02
   6.3257329e+02   4.4811369e+02   2.6598065e+02
   6.3651278e+02   3.8680041e+02   2.6674539e+02
   6.4047679e+02   3.4048343e+02   2.6733302e+02
   6.4446550e+02   3.0426625e+02   2.6780098e+02
   6.4847905e+02   2.7517200e+02   2.6818416e+02
   6.5251759e+02   2.5128121e+02   2.6850584e+02
   6.5658128e+02   2.3130446e+02   2.6878200e+02
   6.6067028e+02   2.1436072e+02   2.6902125e+02
   6.6478474e+02   1.9980721e+02   2.6923111e+02
   6.6892483e+02   1.8717070e+02   2.6941711e+02
   6.7309070e+02   1.7609506e+02   2.6958339e+02
   6.7728251e+02   1.6630721e+02   2.6973317e+02
   6.8150043e+02   1.5759425e+02   2.6986894e+02
   6.8574462e+02   1.4978021e+02   2.6999534e+02
   6.9001524e+02   1.4273717e+02   2.7011176e+02
   6.9431246e+02   1.3635685e+02   2.7021903e+02
   6.9863644e+02   1.3054945e+02   2.7031820e+02
   7.0298734e+02   1.2524071e+02   2.7041015e+02
   7.0736535e+02   1.2036863e+02   2.7049561e+02
   7.1177061e+02   1.1588111e+02   2.7057521e+02
   7.1620331e+02   1.1173189e+02   2.7065051e+02
   7.2066362e+02   1.0788231e+02   2.7072262e+02
   7.2515171e+02   1.0430362e+02   2.7079024e+02
   7.2966774e+02   1.0096793e+02   2.7085369e+02
   7.3421190e+02   9.7851058e+01   2.7091328e+02
   7.3878436e+02   9.4931915e+01   2.7096924e+02
   7.4338530e+02   9.2192045e+01   2.7102182e+02
   7.4801489e+02   8.9615218e+01   2.7107121e+02
   7.5267331e+02   8.7183302e+01   2.7112117e+02
   7.5736074e+02   8.4887266e+01   2.7116864e+02
   7.6207737e+02   8.2716199e+01   2.7121339e+02
   7.6682337e+02   8.0660008e+01   2.7125557e+02
   7.7159892e+02   7.8709656e+01   2.7129526e+02
   7.7640422e+02   7.6857031e+01   2.7133260e+02
   7.8123944e+02   7.5094829e+01   2.7136765e+02
   7.8610477e+02   7.3413974e+01   2.7140116e+02
   7.9100041e+02   7.1807931e+01   2.7143342e+02
   7.9592653e+02   7.0274595e+01   2.7146365e+02
   8.0088333e+02   6.8809026e+01   2.7149193e+02
   8.0587100e+02   6.7406721e+01   2.7151831e+02
   8.1088973e+02   6.6063567e+01   2.7154285e+02
   8.1593972e+02   6.4775801e+01   2.7156560e+02
   8.2102116e+02   6.3539972e+01   2.7158661e+02
   8.2613424e+02   6.2351243e+01   2.7160865e+02
   8.3127917e+02   6.1208375e+01   2.7162916e+02
   8.3645613e+02   6.0108744e+01   2.7164804e+02
   8.4166534e+02   5.9049864e+01   2.7166535e+02
   8.4690699e+02   5.8029436e+01   2.7168110e+02
   8.5218128e+02   5.7045328e+01   2.7169534e+02
   8.5748842e+02   5.6095566e+01   2.7170809e+02
   8.6282861e+02   5.5177148e+01   2.7172060e+02
   8.6820206e+02   5.4288364e+01   2.7173298e+02
   8.7360897e+02   5.3428885e+01   2.7174395e+02
   8.7904956e+02   5.2597226e+01   2.7175354e+02
   8.8452403e+02   5.1791999e+01   2.7176178e+02
   8.9003259e+02   5.1011907e+01   2.7176869e+02
   8.9557545e+02   5.0255738e+01   2.7177428e+02
   9.0115284e+02   4.9522338e+01   2.7177861e+02
   9.0676496e+02   4.8808996e+01   2.7178534e+02
   9.1241203e+02   4.8116440e+01   2.7179081e+02
   9.1809427e+02   4.7443727e+01   2.7179504e+02
   9.2381189e+02   4.6789971e+01   2.7179804e+02
   9.2956513e+02   4.6154338e+01   2.7179984e+02
   9.3535419e+02   4.5536042e+01   2.7180044e+02
   9.4117931e+02   4.4934342e+01   2.7179986e+02
   9.4704070e+02   4.4347294e+01   2.7179905e+02
   9.5293860e+02   4.3774462e+01   2.7179789e+02
   9.5887323e+02   4.3216309e+01   2.7179560e+02
   9.6484481e+02   4.2672243e+01   2.7179219e+02
   9.7085359e+02   4.2141700e+01   2.7178768e+02
   9.7689978e+02   4.1624149e+01   2.7178207e+02
   9.8298363e+02   4.1119085e+01   2.7177538e+02
   9.8910537e+02   4.0625979e+01   2.7176775e+02
   9.9526524e+02   4.0143681e+01   2.7176095e+02
   1.0014635e+03   3.9672530e+01   2.7175309e+02
   1.0077003e+03   3.9212114e+01   2.7174419e+02
   1.0139760e+03   3.8762043e+01   2.7173427e+02
   1.0202907e+03   3.8321944e+01   2.7172334e+02
   1.0266448e+03   3.7891461e+01   2.7171139e+02
   1.0330384e+03   3.7470257e+01   2.7169845e+02
   1.0394719e+03   3.7057398e+01   2.7168559e+02
   1.0459454e+03   3.6652783e+01   2.7167250e+02
   1.0524593e+03   3.6256551e+01   2.7165844e+02
   1.0590137e+03   3.5868421e+01   2.7164342e+02
   1.0656089e+03   3.5488123e+01   2.7162746e+02
   1.0722452e+03   3.5115401e+01   2.7161055e+02
   1.0789229e+03   3.4750009e+01   2.7159271e+02
   1.0856421e+03   3.4391659e+01   2.7157420e+02
   1.0924031e+03   3.4039773e+01   2.7155671e+02
   1.0992063e+03   3.3694555e+01   2.7153831e+02
   1.1060519e+03   3.3355797e+01   2.7151902e+02
   1.1129400e+03   3.3023302e+01   2.7149882e+02
   1.1198711e+03   3.2696879e+01   2.7147775e+02
   1.1268453e+03   3.2376345e+01   2.7145580e+02
   1.1338630e+03   3.2061525e+01   2.7143298e+02
   1.1409244e+03   3.1751395e+01   2.7141090e+02
   1.1480297e+03   3.1446194e+01   2.7138887e+02
   1.1551793e+03   3.1146253e+01   2.7136600e+02
   1.1623734e+03   3.0851420e+01   2.7134229e+02
   1.1696124e+03   3.0561553e+01   2.7131775e+02
   1.1768964e+03   3.0276510e+01   2.7129239e+02
   1.1842257e+03   2.9996159e+01   2.7126621e+02
   1.1916008e+03   2.9720274e+01   2.7123936e+02
   1.1990217e+03   2.9448349e+01   2.7121237e+02
   1.2064889e+03   2.9180755e+01   2.7118459e+02
   1.2140025e+03   2.8917378e+01   2.7115603e+02
   1.2215630e+03   2.8658105e+01   2.7112669e+02
   1.2291705e+03   2.8402829e+01   2.7109657e+02
   1.2368255e+03   2.8151448e+01   2.7106570e+02
   1.2445280e+03   2.7903860e+01   2.7103406e+02
   1.2522786e+03   2.7659697e+01   2.7100306e+02
   1.2600774e+03   2.7419025e+01   2.7097194e+02
   1.2679248e+03   2.7181877e+01   2.7094007e+02
   1.2758211e+03   2.6948165e+01   2.7090747e+02
   1.2837666e+03   2.6717806e+01   2.7087415e+02
   1.2917615e+03   2.6490718e+01   2.7084011e+02
   1.2998062e+03   2.6266821e+01   2.7080535e+02
   1.3079010e+03   2.6045911e+01   2.7077019e+02
   1.3160463e+03   2.5827585e+01   2.7073545e+02
   1.3242422e+03   2.5612242e+01   2.7070002e+02
   1.3324892e+03   2.5399814e+01   2.7066389e+02
   1.3407876e+03   2.5190233e+01   2.7062708e+02
   1.3491376e+03   2.4983433e+01   2.7058960e+02
   1.3575396e+03   2.4779353e+01   2.7055145e+02
   1.3659940e+03   2.4577932e+01   2.7051263e+02
   1.3745010e+03   2.4378622e+01   2.7047465e+02
   1.3830610e+03   2.4181697e+01   2.7043653e+02
   1.3916743e+03   2.3987272e+01   2.7039777e+02
   1.4003413e+03   2.3795294e+01   2.7035836e+02
   1.4090622e+03   2.3605708e+01   2.7031832e+02
   1.4178374e+03   2.3418466e+01   2.7027765e+02
   1.4266673e+03   2.3233517e+01   2.7023636e+02
   1.4355522e+03   2.3050778e+01   2.7019427e+02
   1.4444924e+03   2.2870145e+01   2.7015108e+02
   1.4534883e+03   2.2691669e+01   2.7010729e+02
   1.4625402e+03   2.2515304e+01   2.7006290e+02
   1.4716485e+03   2.2341008e+01   2.7001792e+02
   1.4808135e+03   2.2168741e+01   2.6997235e+02
   1.4900355e+03   2.1998462e+01   2.6992620e+02
   1.4993151e+03   2.1830132e+01   2.6987948e+02
   1.5086524e+03   2.1661899e+01   2.6983398e+02
   1.5180478e+03   2.1495109e+01   2.6978839e+02
   1.5275018e+03   2.1330197e+01   2.6974224e+02
   1.5370146e+03   2.1167126e+01   2.6969554e+02
   1.5465867e+03   2.1005863e+01   2.6964829e+02
   1.5562184e+03   2.0846373e+01   2.6960050e+02
   1.5659101e+03   2.0688624e+01   2.6955218e+02
   1.5756621e+03   2.0532941e+01   2.6950355e+02
   1.5854749e+03   2.0379678e+01   2.6945487e+02
   1.5953488e+03   2.0228044e+01   2.6940566e+02
   1.6052841e+03   2.0078011e+01   2.6935593e+02
   1.6152814e+03   1.9929550e+01   2.6930569e+02
   1.6253409e+03   1.9782634e+01   2.6925493e+02
   1.6354630e+03   1.9637235e+01   2.6920367e+02
   1.6456482e+03   1.9493328e+01   2.6915191e+02
   1.6558969e+03   1.9350551e+01   2.6910025e+02
   1.6662093e+03   1.9209160e+01   2.6904821e+02
   1.6765860e+03   1.9069193e+01   2.6899568e+02
   1.6870273e+03   1.8930625e+01   2.6894268e+02
   1.6975336e+03   1.8793433e+01   2.6888919e+02
   1.7081053e+03   1.8657595e+01   2.6883523e+02
   1.7187429e+03   1.8523088e+01   2.6878080e+02
   1.7294468e+03   1.8389787e+01   2.6872625e+02
   1.7402173e+03   1.8257602e+01   2.6867182e+02
   1.7510548e+03   1.8126690e+01   2.6861694e+02
   1.7619599e+03   1.7997031e+01   2.6856160e+02
   1.7729329e+03   1.7868605e+01   2.6850581e+02
   1.7839742e+03   1.7741394e+01   2.6844958e+02
   1.7950843e+03   1.7615379e+01   2.6839292e+02
   1.8062635e+03   1.7490542e+01   2.6833581e+02
   1.8175124e+03   1.7366532e+01   2.6827866e+02
   1.8288314e+03   1.7243633e+01   2.6822113e+02
   1.8402208e+03   1.7121865e+01   2.6816318e+02
   1.8516812e+03   1.7001212e+01   2.6810480e+02
   1.8632129e+03   1.6881656e+01   2.6804601e+02
   1.8748164e+03   1.6763182e+01   2.6798681e+02
   1.8864923e+03   1.6645774e+01   2.6792721e+02
   1.8982408e+03   1.6529316e+01   2.6786756e+02
   1.9100625e+03   1.6413758e+01   2.6780801e+02
   1.9219578e+03   1.6299225e+01   2.6774806e+02
   1.9339272e+03   1.6185704e+01   2.6768772e+02
   1.9459711e+03   1.6073179e+01   2.6762698e+02
   1.9580901e+03   1.5961638e+01   2.6756587e+02
   1.9702845e+03   1.5851067e+01   2.6750436e+02
   1.9825549e+03   1.5741452e+01   2.6744248e+02
   1.9949017e+03   1.5632451e+01   2.6737991e+02
   2.0073253e+03   1.5524368e+01   2.6731695e+02
   2.0198264e+03   1.5417209e+01   2.6725362e+02
   2.0324053e+03   1.5310962e+01   2.6718992e+02
   2.0450625e+03   1.5205616e+01   2.6712587e+02
   2.0577986e+03   1.5101157e+01   2.6706145e+02
   2.0706139e+03   1.4997576e+01   2.6699668e+02
   2.0835091e+03   1.4894741e+01   2.6693184e+02
   2.0964846e+03   1.4792633e+01   2.6686696e+02
   2.1095409e+03   1.4691374e+01   2.6680173e+02
   2.1226785e+03   1.4590951e+01   2.6673616e+02
   2.1358980e+03   1.4491355e+01   2.6667025e+02
   2.1491997e+03   1.4392576e+01   2.6660400e+02
   2.1625843e+03   1.4294604e+01   2.6653741e+02
   2.1760523e+03   1.4197429e+01   2.6647050e+02
   2.1896041e+03   1.4100809e+01   2.6640339e+02
   2.2032403e+03   1.4004971e+01   2.6633595e+02
   2.2169615e+03   1.3909904e+01   2.6626819e+02
   2.2307681e+03   1.3815602e+01   2.6620011e+02
   2.2446606e+03   1.3722053e+01   2.6613171e+02
   2.2586397e+03   1.3629250e+01   2.6606300e+02
   2.2727059e+03   1.3537184e+01   2.6599396e+02
   2.2868597e+03   1.3445649e+01   2.6592453e+02
   2.3011016e+03   1.3354661e+01   2.6585472e+02
   2.3154322e+03   1.3264391e+01   2.6578459e+02
   2.3298520e+03   1.3174831e+01   2.6571417e+02
   2.3443617e+03   1.3085972e+01   2.6564344e+02
   2.3589617e+03   1.2997807e+01   2.6557241e+02
   2.3736526e+03   1.2910328e+01   2.6550108e+02
   2.3884350e+03   1.2823507e+01   2.6542950e+02
   2.4033095e+03   1.2736990e+01   2.6535818e+02
   2.4182766e+03   1.2651142e+01   2.6528657e+02
   2.4333370e+03   1.2565958e+01   2.6521467e+02
   2.4484911e+03   1.2481429e+01   2.6514248e+02
   2.4637396e+03   1.2397548e+01   2.6507001e+02
   2.4790830e+03   1.2314309e+01   2.6499726e+02
   2.4945220e+03   1.2231705e+01   2.6492422e+02
   2.5100572e+03   1.2149663e+01   2.6485081e+02
   2.5256891e+03   1.2068196e+01   2.6477706e+02
   2.5414184e+03   1.1987345e+01   2.6470303e+02
   2.5572456e+03   1.1907106e+01   2.6462873e+02
   2.5731714e+03   1.1827471e+01   2.6455415e+02
   2.5891964e+03   1.1748435e+01   2.6447930e+02
   2.6053211e+03   1.1669992e+01   2.6440419e+02
   2.6215463e+03   1.1592094e+01   2.6432878e+02
   2.6378726e+03   1.1514432e+01   2.6425291e+02
   2.6543005e+03   1.1437351e+01   2.6417678e+02
   2.6708307e+03   1.1360845e+01   2.6410039e+02
   2.6874639e+03   1.1284908e+01   2.6402374e+02
   2.7042006e+03   1.1209535e+01   2.6394682e+02
   2.7210416e+03   1.1134720e+01   2.6386965e+02
   2.7379874e+03   1.1060458e+01   2.6379222e+02
   2.7550388e+03   1.0986616e+01   2.6371422e+02
   2.7721964e+03   1.0913243e+01   2.6363579e+02
   2.7894609e+03   1.0840411e+01   2.6355711e+02
   2.8068328e+03   1.0768114e+01   2.6347817e+02
   2.8243130e+03   1.0696346e+01   2.6339898e+02
   2.8419020e+03   1.0625104e+01   2.6331954e+02
   2.8596005e+03   1.0554383e+01   2.6323986e+02
   2.8774093e+03   1.0484118e+01   2.6315994e+02
   2.8953290e+03   1.0414058e+01   2.6307989e+02
   2.9133602e+03   1.0344509e+01   2.6299960e+02
   2.9315038e+03   1.0275466e+01   2.6291905e+02
   2.9497604e+03   1.0206925e+01   2.6283827e+02
   2.9681306e+03   1.0138882e+01   2.6275724e+02
   2.9866153e+03   1.0071332e+01   2.6267597e+02
   3.0052151e+03   1.0004270e+01   2.6259445e+02
   3.0239307e+03   9.9375884e+00   2.6251248e+02
   3.0427629e+03   9.8713403e+00   2.6243016e+02
   3.0617123e+03   9.8055700e+00   2.6234760e+02
   3.0807798e+03   9.7402734e+00   2.6226481e+02
   3.0999660e+03   9.6754462e+00   2.6218177e+02
   3.1192717e+03   9.6110845e+00   2.6209850e+02
   3.1386976e+03   9.5471842e+00   2.6201499e+02
   3.1582445e+03   9.4836766e+00   2.6193120e+02
   3.1779131e+03   9.4203814e+00   2.6184698e+02
   3.1977043e+03   9.3575400e+00   2.6176253e+02
   3.2176186e+03   9.2951486e+00   2.6167784e+02
   3.2376570e+03   9.2332032e+00   2.6159292e+02
   3.2578202e+03   9.1717001e+00   2.6150776e+02
   3.2781090e+03   9.1106357e+00   2.6142237e+02
   3.2985241e+03   9.0500060e+00   2.6133675e+02
   3.3190664e+03   8.9895461e+00   2.6125072e+02
   3.3397366e+03   8.9294240e+00   2.6116440e+02
   3.3605355e+03   8.8697308e+00   2.6107785e+02
   3.3814639e+03   8.8104630e+00   2.6099106e+02
   3.4025227e+03   8.7516170e+00   2.6090405e+02
   3.4237126e+03   8.6931893e+00   2.6081680e+02
   3.4450345e+03   8.6351765e+00   2.6072932e+02
   3.4664892e+03   8.5774617e+00   2.6064137e+02
   3.4880775e+03   8.5198382e+00   2.6055250e+02
   3.5098003e+03   8.4626254e+00   2.6046340e+02
   3.5316583e+03   8.4058199e+00   2.6037407e+02
   3.5536524e+03   8.3494184e+00   2.6028452e+02
   3.5757836e+03   8.2934177e+00   2.6019473e+02
   3.5980525e+03   8.2378145e+00   2.6010471e+02
   3.6204601e+03   8.1826055e+00   2.6001446e+02
   3.6430073e+03   8.1276363e+00   2.5992421e+02
   3.6656949e+03   8.0730165e+00   2.5983379e+02
   3.6885238e+03   8.0187843e+00   2.5974314e+02
   3.7114949e+03   7.9649364e+00   2.5965226e+02
   3.7346090e+03   7.9114700e+00   2.5956114e+02
   3.7578671e+03   7.8583818e+00   2.5946980e+02
   3.7812700e+03   7.8056689e+00   2.5937822e+02
   3.8048186e+03   7.7532760e+00   2.5928638e+02
   3.8285140e+03   7.7011390e+00   2.5919420e+02
   3.8523568e+03   7.6493709e+00   2.5910180e+02
   3.8763482e+03   7.5979687e+00   2.5900916e+02
   3.9004890e+03   7.5469295e+00   2.5891629e+02
   3.9247801e+03   7.4962504e+00   2.5882318e+02
   3.9492225e+03   7.4459288e+00   2.5872985e+02
   3.9738171e+03   7.3959617e+00   2.5863628e+02
   3.9985649e+03   7.3460563e+00   2.5854161e+02
   4.0234668e+03   7.2964488e+00   2.5844654e+02
   4.0485238e+03   7.2471924e+00   2.5835124e+02
   4.0737368e+03   7.1982844e+00   2.5825571e+02
   4.0991069e+03   7.1497220e+00   2.5815993e+02
   4.1246350e+03   7.1015028e+00   2.5806393e+02
   4.1503220e+03   7.0536239e+00   2.5796769e+02
   4.1761690e+03   7.0059602e+00   2.5787121e+02
   4.2021770e+03   6.9584216e+00   2.5777450e+02
   4.2283469e+03   6.9112202e+00   2.5767755e+02
   4.2546799e+03   6.8643534e+00   2.5758037e+02
   4.2811768e+03   6.8178188e+00   2.5748294e+02
   4.3078387e+03   6.7716137e+00   2.5738528e+02
   4.3346667e+03   6.7257356e+00   2.5728738e+02
   4.3616617e+03   6.6801821e+00   2.5718923e+02
   4.3888249e+03   6.6347079e+00   2.5709115e+02
   4.4161573e+03   6.5895272e+00   2.5699286e+02
   4.4436598e+03   6.5446674e+00   2.5689433e+02
   4.4713336e+03   6.5001262e+00   2.5679556e+02
   4.4991798e+03   6.4559010e+00   2.5669654e+02
   4.5271994e+03   6.4119896e+00   2.5659728e+02
   4.5553935e+03   6.3683895e+00   2.5649777e+02
   4.5837632e+03   6.3248962e+00   2.5639796e+02
   4.6123095e+03   6.2814314e+00   2.5629780e+02
   4.6410337e+03   6.2382777e+00   2.5619740e+02
   4.6699367e+03   6.1954326e+00   2.5609674e+02
   4.6990197e+03   6.1528940e+00   2.5599584e+02
   4.7282839e+03   6.1106593e+00   2.5589469e+02
   4.7577302e+03   6.0687264e+00   2.5579329e+02
   4.7873600e+03   6.0270930e+00   2.5569164e+02
   4.8171743e+03   5.9856358e+00   2.5558880e+02
   4.8471743e+03   5.9444678e+00   2.5548565e+02
   4.8773611e+03   5.9035945e+00   2.5538225e+02
   4.9077359e+03   5.8630134e+00   2.5527859e+02
   4.9382999e+03   5.8227225e+00   2.5517468e+02
   4.9690542e+03   5.7827196e+00   2.5507051e+02
   5.0000000e+03   5.7430025e+00   2.5496608e+02
