   1.0000000e+01   1.4585200e+02  -2.3802430e+02
   1.0062277e+01   1.4254416e+02  -2.3813890e+02
   1.0124942e+01   1.3929572e+02  -2.3825296e+02
   1.0187997e+01   1.3610570e+02  -2.3836649e+02
   1.0251445e+01   1.3297316e+02  -2.3847947e+02
   1.0315288e+01   1.2989718e+02  -2.3859191e+02
   1.0379529e+01   1.2687683e+02  -2.3870379e+02
   1.0444170e+01   1.2391120e+02  -2.3881512e+02
   1.0509213e+01   1.2099941e+02  -2.3892589e+02
   1.0574661e+01   1.1814058e+02  -2.3903609e+02
   1.0640517e+01   1.1533384e+02  -2.3914572e+02
   1.0706783e+01   1.1257835e+02  -2.3925478e+02
   1.0773462e+01   1.0987325e+02  -2.3936326e+02
   1.0840556e+01   1.0721774e+02  -2.3947116e+02
   1.0908068e+01   1.0461098e+02  -2.3957847e+02
   1.0976000e+01   1.0205219e+02  -2.3968520e+02
   1.1044356e+01   9.9540577e+01  -2.3979133e+02
   1.1113137e+01   9.7075355e+01  -2.3989686e+02
   1.1182346e+01   9.4655764e+01  -2.4000180e+02
   1.1251986e+01   9.2281049e+01  -2.4010613e+02
   1.1322061e+01   8.9950468e+01  -2.4020985e+02
   1.1392571e+01   8.7663290e+01  -2.4031296e+02
   1.1463521e+01   8.5418794e+01  -2.4041546e+02
   1.1534912e+01   8.3216273e+01  -2.4051734e+02
   1.1606748e+01   8.1055027e+01  -2.4061859e+02
   1.1679032e+01   7.8934368e+01  -2.4071923e+02
   1.1751766e+01   7.6853621e+01  -2.4081923e+02
   1.1824952e+01   7.4812117e+01  -2.4091861e+02
   1.1898595e+01   7.2809201e+01  -2.4101735e+02
   1.1972696e+01   7.0844225e+01  -2.4111546e+02
   1.2047258e+01   6.8916554e+01  -2.4121292e+02
   1.2122285e+01   6.7025561e+01  -2.4130975e+02
   1.2197779e+01   6.5170628e+01  -2.4140592e+02
   1.2273743e+01   6.3351148e+01  -2.4150145e+02
   1.2350181e+01   6.1566522e+01  -2.4159633e+02
   1.2427094e+01   5.9816162e+01  -2.4169056e+02
   1.2504486e+01   5.8099486e+01  -2.4178413e+02
   1.2582361e+01   5.6415925e+01  -2.4187704e+02
   1.2660720e+01   5.4764917e+01  -2.4196929e+02
   1.2739567e+01   5.3145907e+01  -2.4206087e+02
   1.2818906e+01   5.1558352e+01  -2.4215179e+02
   1.2898738e+01   5.0001714e+01  -2.4224205e+02
   1.2979068e+01   4.8475465e+01  -2.4233163e+02
   1.3059898e+01   4.6979086e+01  -2.4242054e+02
   1.3141231e+01   4.5512066e+01  -2.4250877e+02
   1.3223071e+01   4.4073900e+01  -2.4259633e+02
   1.3305420e+01   4.2664093e+01  -2.4268321e+02
   1.3388282e+01   4.1282157e+01  -2.4276940e+02
   1.3471661e+01   3.9927612e+01  -2.4285491e+02
   1.3555558e+01   3.8599984e+01  -2.4293974e+02
   1.3639979e+01   3.7298809e+01  -2.4302388e+02
   1.3724924e+01   3.6023628e+01  -2.4310733e+02
   1.3810399e+01   3.4773991e+01  -2.4319010e+02
   1.3896406e+01   3.3549454e+01  -2.4327216e+02
   1.3982949e+01   3.2349580e+01  -2.4335354e+02
   1.4070031e+01   3.1173941e+01  -2.4343421e+02
   1.4157655e+01   3.0022112e+01  -2.4351419e+02
   1.4245825e+01   2.8893679e+01  -2.4359347e+02
   1.4334544e+01   2.7788230e+01  -2.4367205e+02
   1.4423815e+01   2.6705364e+01  -2.4374993e+02
   1.4513643e+01   2.5644684e+01  -2.4382711e+02
   1.4604029e+01   2.4605801e+01  -2.4390357e+02
   1.4694979e+01   2.3588329e+01  -2.4397933e+02
   1.4786495e+01   2.2591892e+01  -2.4405439e+02
   1.4878581e+01   2.1616117e+01  -2.4412873e+02
   1.4971241e+01   2.0660639e+01  -2.4420236e+02
   1.5064477e+01   1.9725097e+01  -2.4427529e+02
   1.5158294e+01   1.8809139e+01  -2.4434750e+02
   1.5252696e+01   1.7912415e+01  -2.4441899e+02
   1.5347685e+01   1.7034584e+01  -2.4448976e+02
   1.5443266e+01   1.6175308e+01  -2.4455982e+02
   1.5539443e+01   1.5334255e+01  -2.4462916e+02
   1.5636218e+01   1.4511100e+01  -2.4469778e+02
   1.5733596e+01   1.3705521e+01  -2.4476569e+02
   1.5831580e+01   1.2917202e+01  -2.4483287e+02
   1.5930174e+01   1.2145834e+01  -2.4489933e+02
   1.6029383e+01   1.1391111e+01  -2.4496507e+02
   1.6129209e+01   1.0652732e+01  -2.4503008e+02
   1.6229657e+01   9.9304028e+00  -2.4509437e+02
   1.6330731e+01   9.2238315e+00  -2.4515793e+02
   1.6432434e+01   8.5327328e+00  -2.4522077e+02
   1.6534771e+01   7.8568256e+00  -2.4528288e+02
   1.6637744e+01   7.1958334e+00  -2.4534426e+02
   1.6741359e+01   6.5494846e+00  -2.4540492e+02
   1.6845620e+01   5.9175115e+00  -2.4546484e+02
   1.6950529e+01   5.2996513e+00  -2.4552403e+02
   1.7056092e+01   4.6956451e+00  -2.4558249e+02
   1.7162313e+01   4.1052389e+00  -2.4564022e+02
   1.7269195e+01   3.5281825e+00  -2.4569722e+02
   1.7376742e+01   2.9642301e+00  -2.4575350e+02
   1.7484960e+01   2.4131399e+00  -2.4580903e+02
   1.7593851e+01   1.8746742e+00  -2.4586382e+02
   1.7703420e+01   1.3485993e+00  -2.4591789e+02
   1.7813672e+01   8.3468526e-01  -2.4597121e+02
   1.7924611e+01   3.3270617e-01  -2.4602381e+02
   1.8036240e+01   1.5756011e-01  -6.6075669e+01
   1.8148564e+01   6.3633198e-01  -6.6126794e+01
   1.8261588e+01   1.1038241e+00  -6.6177183e+01
   1.8375316e+01   1.5602477e+00  -6.6226828e+01
   1.8489753e+01   2.0058103e+00  -6.6275735e+01
   1.8604901e+01   2.4407157e+00  -6.6323905e+01
   1.8720767e+01   2.8651646e+00  -6.6371339e+01
   1.8837355e+01   3.2793540e+00  -6.6418036e+01
   1.8954669e+01   3.6834777e+00  -6.6463995e+01
   1.9072713e+01   4.0777262e+00  -6.6509218e+01
   1.9191492e+01   4.4622867e+00  -6.6553698e+01
   1.9311011e+01   4.8373434e+00  -6.6597432e+01
   1.9431275e+01   5.2030770e+00  -6.6640427e+01
   1.9552287e+01   5.5596651e+00  -6.6682684e+01
   1.9674053e+01   5.9072825e+00  -6.6724203e+01
   1.9796577e+01   6.2461009e+00  -6.6764983e+01
   1.9919865e+01   6.5762890e+00  -6.6805023e+01
   2.0043920e+01   6.8980126e+00  -6.6844325e+01
   2.0168748e+01   7.2114355e+00  -6.6882875e+01
   2.0294353e+01   7.5167172e+00  -6.6920683e+01
   2.0420740e+01   7.8140150e+00  -6.6957752e+01
   2.0547915e+01   8.1034835e+00  -6.6994082e+01
   2.0675881e+01   8.3852746e+00  -6.7029671e+01
   2.0804645e+01   8.6595376e+00  -6.7064521e+01
   2.0934210e+01   8.9264193e+00  -6.7098631e+01
   2.1064582e+01   9.1860639e+00  -6.7131993e+01
   2.1195766e+01   9.4386132e+00  -6.7164604e+01
   2.1327767e+01   9.6842060e+00  -6.7196474e+01
   2.1460591e+01   9.9229792e+00  -6.7227604e+01
   2.1594241e+01   1.0155067e+01  -6.7257994e+01
   2.1728724e+01   1.0380601e+01  -6.7287643e+01
   2.1864044e+01   1.0599711e+01  -6.7316553e+01
   2.2000207e+01   1.0812525e+01  -6.7344723e+01
   2.2137218e+01   1.1019169e+01  -6.7372136e+01
   2.2275082e+01   1.1219764e+01  -6.7398809e+01
   2.2413805e+01   1.1414432e+01  -6.7424741e+01
   2.2553391e+01   1.1603290e+01  -6.7449933e+01
   2.2693848e+01   1.1786456e+01  -6.7474386e+01
   2.2835178e+01   1.1964043e+01  -6.7498098e+01
   2.2977389e+01   1.2136165e+01  -6.7521072e+01
   2.3120486e+01   1.2302932e+01  -6.7543295e+01
   2.3264473e+01   1.2464452e+01  -6.7564766e+01
   2.3409358e+01   1.2620832e+01  -6.7585497e+01
   2.3555145e+01   1.2772176e+01  -6.7605489e+01
   2.3701839e+01   1.2918587e+01  -6.7624742e+01
   2.3849447e+01   1.3060165e+01  -6.7643256e+01
   2.3997975e+01   1.3197009e+01  -6.7661030e+01
   2.4147427e+01   1.3329217e+01  -6.7678066e+01
   2.4297811e+01   1.3456885e+01  -6.7694337e+01
   2.4449130e+01   1.3580106e+01  -6.7709869e+01
   2.4601393e+01   1.3698971e+01  -6.7724662e+01
   2.4754603e+01   1.3813573e+01  -6.7738717e+01
   2.4908767e+01   1.3923998e+01  -6.7752033e+01
   2.5063892e+01   1.4030335e+01  -6.7764612e+01
   2.5219983e+01   1.4132668e+01  -6.7776452e+01
   2.5377046e+01   1.4231086e+01  -6.7787540e+01
   2.5535086e+01   1.4325670e+01  -6.7797875e+01
   2.5694112e+01   1.4416498e+01  -6.7807472e+01
   2.5854127e+01   1.4503651e+01  -6.7816332e+01
   2.6015139e+01   1.4587205e+01  -6.7824455e+01
   2.6177154e+01   1.4667239e+01  -6.7831842e+01
   2.6340178e+01   1.4743827e+01  -6.7838491e+01
   2.6504217e+01   1.4817042e+01  -6.7844403e+01
   2.6669277e+01   1.4886960e+01  -6.7849549e+01
   2.6835366e+01   1.4953650e+01  -6.7853959e+01
   2.7002489e+01   1.5017181e+01  -6.7857632e+01
   2.7170653e+01   1.5077622e+01  -6.7860570e+01
   2.7339864e+01   1.5135039e+01  -6.7862772e+01
   2.7510128e+01   1.5189501e+01  -6.7864240e+01
   2.7681454e+01   1.5241070e+01  -6.7864972e+01
   2.7853846e+01   1.5289813e+01  -6.7864951e+01
   2.8027311e+01   1.5335792e+01  -6.7864179e+01
   2.8201857e+01   1.5379067e+01  -6.7862673e+01
   2.8377490e+01   1.5419697e+01  -6.7860433e+01
   2.8554217e+01   1.5457741e+01  -6.7857459e+01
   2.8732045e+01   1.5493258e+01  -6.7853752e+01
   2.8910980e+01   1.5526303e+01  -6.7849312e+01
   2.9091029e+01   1.5556934e+01  -6.7844135e+01
   2.9272199e+01   1.5585210e+01  -6.7838190e+01
   2.9454498e+01   1.5611179e+01  -6.7831512e+01
   2.9637932e+01   1.5634894e+01  -6.7824101e+01
   2.9822509e+01   1.5656406e+01  -6.7815959e+01
   3.0008235e+01   1.5675767e+01  -6.7807086e+01
   3.0195118e+01   1.5693025e+01  -6.7797481e+01
   3.0383164e+01   1.5708229e+01  -6.7787146e+01
   3.0572382e+01   1.5721431e+01  -6.7776050e+01
   3.0762778e+01   1.5732677e+01  -6.7764203e+01
   3.0954359e+01   1.5742009e+01  -6.7751627e+01
   3.1147134e+01   1.5749475e+01  -6.7738320e+01
   3.1341109e+01   1.5755116e+01  -6.7724284e+01
   3.1536293e+01   1.5758978e+01  -6.7709519e+01
   3.1732692e+01   1.5761103e+01  -6.7694026e+01
   3.1930314e+01   1.5761533e+01  -6.7677797e+01
   3.2129167e+01   1.5760316e+01  -6.7660790e+01
   3.2329258e+01   1.5757485e+01  -6.7643056e+01
   3.2530595e+01   1.5753080e+01  -6.7624594e+01
   3.2733186e+01   1.5747138e+01  -6.7605404e+01
   3.2937039e+01   1.5739697e+01  -6.7585488e+01
   3.3142162e+01   1.5730795e+01  -6.7564846e+01
   3.3348561e+01   1.5720468e+01  -6.7543479e+01
   3.3556247e+01   1.5708759e+01  -6.7521342e+01
   3.3765225e+01   1.5695699e+01  -6.7498457e+01
   3.3975505e+01   1.5681320e+01  -6.7474847e+01
   3.4187095e+01   1.5665654e+01  -6.7450512e+01
   3.4400002e+01   1.5648735e+01  -6.7425453e+01
   3.4614236e+01   1.5630595e+01  -6.7399671e+01
   3.4829803e+01   1.5611266e+01  -6.7373165e+01
   3.5046713e+01   1.5590781e+01  -6.7345924e+01
   3.5264974e+01   1.5569176e+01  -6.7317903e+01
   3.5484594e+01   1.5546474e+01  -6.7289161e+01
   3.5705582e+01   1.5522703e+01  -6.7259696e+01
   3.5927946e+01   1.5497893e+01  -6.7229509e+01
   3.6151695e+01   1.5472071e+01  -6.7198602e+01
   3.6376837e+01   1.5445264e+01  -6.7166975e+01
   3.6603382e+01   1.5417500e+01  -6.7134628e+01
   3.6831337e+01   1.5388814e+01  -6.7101519e+01
   3.7060712e+01   1.5359227e+01  -6.7067675e+01
   3.7291515e+01   1.5328761e+01  -6.7033112e+01
   3.7523756e+01   1.5297439e+01  -6.6997831e+01
   3.7757443e+01   1.5265288e+01  -6.6961833e+01
   3.7992586e+01   1.5232330e+01  -6.6925118e+01
   3.8229193e+01   1.5198588e+01  -6.6887688e+01
   3.8467273e+01   1.5164089e+01  -6.6849516e+01
   3.8706836e+01   1.5128861e+01  -6.6810548e+01
   3.8947891e+01   1.5092917e+01  -6.6770863e+01
   3.9190447e+01   1.5056279e+01  -6.6730464e+01
   3.9434514e+01   1.5018967e+01  -6.6689350e+01
   3.9680101e+01   1.4981002e+01  -6.6647522e+01
   3.9927217e+01   1.4942404e+01  -6.6604983e+01
   4.0175872e+01   1.4903194e+01  -6.6561731e+01
   4.0426076e+01   1.4863406e+01  -6.6517689e+01
   4.0677838e+01   1.4823047e+01  -6.6472911e+01
   4.0931168e+01   1.4782133e+01  -6.6427422e+01
   4.1186075e+01   1.4740681e+01  -6.6381223e+01
   4.1442570e+01   1.4698709e+01  -6.6334314e+01
   4.1700663e+01   1.4656234e+01  -6.6286696e+01
   4.1960363e+01   1.4613273e+01  -6.6238370e+01
   4.2221680e+01   1.4569849e+01  -6.6189309e+01
   4.2484624e+01   1.4525986e+01  -6.6139476e+01
   4.2749206e+01   1.4481685e+01  -6.6088936e+01
   4.3015436e+01   1.4436964e+01  -6.6037690e+01
   4.3283323e+01   1.4391836e+01  -6.5985738e+01
   4.3552880e+01   1.4346318e+01  -6.5933083e+01
   4.3824114e+01   1.4300422e+01  -6.5879724e+01
   4.4097038e+01   1.4254165e+01  -6.5825664e+01
   4.4371662e+01   1.4207586e+01  -6.5770770e+01
   4.4647996e+01   1.4160679e+01  -6.5715145e+01
   4.4926051e+01   1.4113451e+01  -6.5658818e+01
   4.5205837e+01   1.4065914e+01  -6.5601790e+01
   4.5487366e+01   1.4018083e+01  -6.5544061e+01
   4.5770648e+01   1.3969968e+01  -6.5485633e+01
   4.6055695e+01   1.3921583e+01  -6.5426507e+01
   4.6342516e+01   1.3872944e+01  -6.5366629e+01
   4.6631124e+01   1.3824066e+01  -6.5305953e+01
   4.6921529e+01   1.3774952e+01  -6.5244578e+01
   4.7213743e+01   1.3725613e+01  -6.5182505e+01
   4.7507777e+01   1.3676060e+01  -6.5119737e+01
   4.7803641e+01   1.3626304e+01  -6.5056273e+01
   4.8101349e+01   1.3576355e+01  -6.4992116e+01
   4.8400910e+01   1.3526222e+01  -6.4927265e+01
   4.8702337e+01   1.3475957e+01  -6.4861638e+01
   4.9005641e+01   1.3425534e+01  -6.4795307e+01
   4.9310834e+01   1.3374957e+01  -6.4728285e+01
   4.9617928e+01   1.3324236e+01  -6.4660573e+01
   4.9926934e+01   1.3273379e+01  -6.4592173e+01
   5.0237864e+01   1.3222394e+01  -6.4523086e+01
   5.0550731e+01   1.3171291e+01  -6.4453313e+01
   5.0865547e+01   1.3120094e+01  -6.4382812e+01
   5.1182323e+01   1.3068820e+01  -6.4311562e+01
   5.1501072e+01   1.3017451e+01  -6.4239629e+01
   5.1821805e+01   1.2965996e+01  -6.4167013e+01
   5.2144537e+01   1.2914462e+01  -6.4093716e+01
   5.2469278e+01   1.2862856e+01  -6.4019738e+01
   5.2796041e+01   1.2811186e+01  -6.3945082e+01
   5.3124840e+01   1.2759457e+01  -6.3869749e+01
   5.3455686e+01   1.2707740e+01  -6.3793294e+01
   5.3788593e+01   1.2655985e+01  -6.3716121e+01
   5.4123572e+01   1.2604193e+01  -6.3638263e+01
   5.4460638e+01   1.2552369e+01  -6.3559722e+01
   5.4799804e+01   1.2500521e+01  -6.3480500e+01
   5.5141081e+01   1.2448653e+01  -6.3400597e+01
   5.5484484e+01   1.2396771e+01  -6.3320014e+01
   5.5830025e+01   1.2344828e+01  -6.3238735e+01
   5.6177718e+01   1.2292816e+01  -6.3156756e+01
   5.6527577e+01   1.2240804e+01  -6.3074098e+01
   5.6879615e+01   1.2188797e+01  -6.2990762e+01
   5.7233844e+01   1.2136800e+01  -6.2906751e+01
   5.7590280e+01   1.2084818e+01  -6.2822064e+01
   5.7948936e+01   1.2032854e+01  -6.2736702e+01
   5.8309825e+01   1.1980915e+01  -6.2650668e+01
   5.8672962e+01   1.1929217e+01  -6.2563506e+01
   5.9038360e+01   1.1877558e+01  -6.2475657e+01
   5.9406034e+01   1.1825939e+01  -6.2387130e+01
   5.9775998e+01   1.1774364e+01  -6.2297927e+01
   6.0148266e+01   1.1722836e+01  -6.2208049e+01
   6.0522852e+01   1.1671359e+01  -6.2117496e+01
   6.0899770e+01   1.1619936e+01  -6.2026269e+01
   6.1279037e+01   1.1568673e+01  -6.1934694e+01
   6.1660665e+01   1.1517571e+01  -6.1842774e+01
   6.2044670e+01   1.1466536e+01  -6.1750203e+01
   6.2431066e+01   1.1415570e+01  -6.1656984e+01
   6.2819869e+01   1.1364678e+01  -6.1563118e+01
   6.3211093e+01   1.1313860e+01  -6.1468606e+01
   6.3604753e+01   1.1263121e+01  -6.1373449e+01
   6.4000865e+01   1.1212457e+01  -6.1277608e+01
   6.4399444e+01   1.1161743e+01  -6.1179984e+01
   6.4800505e+01   1.1111113e+01  -6.1081687e+01
   6.5204064e+01   1.1060570e+01  -6.0982718e+01
   6.5610136e+01   1.1010114e+01  -6.0883075e+01
   6.6018737e+01   1.0959749e+01  -6.0782761e+01
   6.6429883e+01   1.0909476e+01  -6.0681775e+01
   6.6843589e+01   1.0859298e+01  -6.0580118e+01
   6.7259872e+01   1.0809299e+01  -6.0477874e+01
   6.7678747e+01   1.0759466e+01  -6.0375031e+01
   6.8100231e+01   1.0709734e+01  -6.0271525e+01
   6.8524339e+01   1.0660105e+01  -6.0167357e+01
   6.8951089e+01   1.0610580e+01  -6.0062527e+01
   6.9380497e+01   1.0561160e+01  -5.9957034e+01
   6.9812578e+01   1.0511846e+01  -5.9850880e+01
   7.0247351e+01   1.0462647e+01  -5.9744014e+01
   7.0684831e+01   1.0413632e+01  -5.9635949e+01
   7.1125036e+01   1.0364727e+01  -5.9527209e+01
   7.1567982e+01   1.0315935e+01  -5.9417794e+01
   7.2013687e+01   1.0267256e+01  -5.9307703e+01
   7.2462167e+01   1.0218690e+01  -5.9196936e+01
   7.2913441e+01   1.0170238e+01  -5.9085493e+01
   7.3367525e+01   1.0121902e+01  -5.8973371e+01
   7.3824437e+01   1.0073749e+01  -5.8860349e+01
   7.4284194e+01   1.0025757e+01  -5.8746501e+01
   7.4746814e+01   9.9778835e+00  -5.8631967e+01
   7.5212316e+01   9.9301282e+00  -5.8516744e+01
   7.5680717e+01   9.8824913e+00  -5.8400831e+01
   7.6152034e+01   9.8349732e+00  -5.8284226e+01
   7.6626287e+01   9.7875738e+00  -5.8166929e+01
   7.7103494e+01   9.7403144e+00  -5.8048921e+01
   7.7583672e+01   9.6933067e+00  -5.7930128e+01
   7.8066841e+01   9.6464201e+00  -5.7810637e+01
   7.8553019e+01   9.5996544e+00  -5.7690446e+01
   7.9042224e+01   9.5530095e+00  -5.7569552e+01
   7.9534476e+01   9.5064851e+00  -5.7447954e+01
   8.0029794e+01   9.4600808e+00  -5.7325647e+01
   8.0528197e+01   9.4137962e+00  -5.7202629e+01
   8.1029703e+01   9.3676957e+00  -5.7078617e+01
   8.1534333e+01   9.3217482e+00  -5.6953739e+01
   8.2042105e+01   9.2759209e+00  -5.6828131e+01
   8.2553040e+01   9.2302132e+00  -5.6701790e+01
   8.3067156e+01   9.1846243e+00  -5.6574711e+01
   8.3584474e+01   9.1391537e+00  -5.6446889e+01
   8.4105014e+01   9.0938004e+00  -5.6318319e+01
   8.4628796e+01   9.0485959e+00  -5.6188953e+01
   8.5155840e+01   9.0036445e+00  -5.6058644e+01
   8.5686166e+01   8.9588110e+00  -5.5927570e+01
   8.6219795e+01   8.9140944e+00  -5.5795727e+01
   8.6756747e+01   8.8694938e+00  -5.5663108e+01
   8.7297043e+01   8.8250082e+00  -5.5529706e+01
   8.7840704e+01   8.7806367e+00  -5.5395516e+01
   8.8387750e+01   8.7363781e+00  -5.5260528e+01
   8.8938204e+01   8.6923713e+00  -5.5124572e+01
   8.9492085e+01   8.6485336e+00  -5.4987740e+01
   9.0049416e+01   8.6048087e+00  -5.4850090e+01
   9.0610218e+01   8.5611955e+00  -5.4711613e+01
   9.1174512e+01   8.5176929e+00  -5.4572300e+01
   9.1742321e+01   8.4742995e+00  -5.4432141e+01
   9.2313665e+01   8.4310142e+00  -5.4291127e+01
   9.2888568e+01   8.3878678e+00  -5.4149127e+01
   9.3467052e+01   8.3449290e+00  -5.4005866e+01
   9.4049137e+01   8.3020969e+00  -5.3861711e+01
   9.4634848e+01   8.2593702e+00  -5.3716650e+01
   9.5224207e+01   8.2167475e+00  -5.3570671e+01
   9.5817236e+01   8.1742274e+00  -5.3423761e+01
   9.6413958e+01   8.1318085e+00  -5.3275907e+01
   9.7014396e+01   8.0894895e+00  -5.3127095e+01
   9.7618574e+01   8.0474488e+00  -5.2977374e+01
   9.8226514e+01   8.0055625e+00  -5.2826698e+01
   9.8838241e+01   7.9637753e+00  -5.2675035e+01
   9.9453777e+01   7.9220858e+00  -5.2522368e+01
   1.0007315e+02   7.8804925e+00  -5.2368681e+01
   1.0069637e+02   7.8389940e+00  -5.2213959e+01
   1.0132348e+02   7.7975887e+00  -5.2058183e+01
   1.0195449e+02   7.7563420e+00  -5.1901329e+01
   1.0258944e+02   7.7153476e+00  -5.1743380e+01
   1.0322834e+02   7.6744457e+00  -5.1584333e+01
   1.0387121e+02   7.6336348e+00  -5.1424170e+01
   1.0451809e+02   7.5929133e+00  -5.1262872e+01
   1.0516900e+02   7.5522799e+00  -5.1100416e+01
   1.0582396e+02   7.5117330e+00  -5.0936783e+01
   1.0648300e+02   7.4712713e+00  -5.0771948e+01
   1.0714615e+02   7.4311219e+00  -5.0605600e+01
   1.0781342e+02   7.3911091e+00  -5.0437948e+01
   1.0848485e+02   7.3511819e+00  -5.0269034e+01
   1.0916047e+02   7.3113387e+00  -5.0098831e+01
   1.0984029e+02   7.2715783e+00  -4.9927314e+01
   1.1052434e+02   7.2318993e+00  -4.9754458e+01
   1.1121265e+02   7.1923003e+00  -4.9580235e+01
   1.1190526e+02   7.1528489e+00  -4.9404718e+01
   1.1260217e+02   7.1136071e+00  -4.9227984e+01
   1.1330342e+02   7.0744441e+00  -4.9049817e+01
   1.1400904e+02   7.0353587e+00  -4.8870189e+01
   1.1471906e+02   6.9963496e+00  -4.8689069e+01
   1.1543350e+02   6.9574156e+00  -4.8506423e+01
   1.1615238e+02   6.9185554e+00  -4.8322220e+01
   1.1687575e+02   6.8797680e+00  -4.8136426e+01
   1.1760361e+02   6.8413565e+00  -4.7949341e+01
   1.1833602e+02   6.8030646e+00  -4.7760678e+01
   1.1907298e+02   6.7648469e+00  -4.7570355e+01
   1.1981453e+02   6.7267024e+00  -4.7378336e+01
   1.2056070e+02   6.6886299e+00  -4.7184583e+01
   1.2131152e+02   6.6506287e+00  -4.6989057e+01
   1.2206701e+02   6.6126976e+00  -4.6791720e+01
   1.2282721e+02   6.5749335e+00  -4.6592747e+01
   1.2359214e+02   6.5373877e+00  -4.6392234e+01
   1.2436184e+02   6.4999125e+00  -4.6189821e+01
   1.2513633e+02   6.4625071e+00  -4.5985464e+01
   1.2591564e+02   6.4251707e+00  -4.5779119e+01
   1.2669981e+02   6.3879028e+00  -4.5570741e+01
   1.2748886e+02   6.3507025e+00  -4.5360283e+01
   1.2828282e+02   6.3135692e+00  -4.5147698e+01
   1.2908173e+02   6.2768421e+00  -4.4934238e+01
   1.2988561e+02   6.2402125e+00  -4.4718730e+01
   1.3069450e+02   6.2036521e+00  -4.4501020e+01
   1.3150843e+02   6.1671604e+00  -4.4281057e+01
   1.3232743e+02   6.1307370e+00  -4.4058790e+01
   1.3315153e+02   6.0943815e+00  -4.3834166e+01
   1.3398075e+02   6.0580937e+00  -4.3607131e+01
   1.3481515e+02   6.0220024e+00  -4.3377895e+01
   1.3565474e+02   5.9861388e+00  -4.3146497e+01
   1.3649956e+02   5.9503456e+00  -4.2912564e+01
   1.3734964e+02   5.9146229e+00  -4.2676041e+01
   1.3820501e+02   5.8789706e+00  -4.2436866e+01
   1.3906571e+02   5.8433887e+00  -4.2194979e+01
   1.3993177e+02   5.8078775e+00  -4.1950319e+01
   1.4080323e+02   5.7724370e+00  -4.1702821e+01
   1.4168011e+02   5.7374367e+00  -4.1454456e+01
   1.4256245e+02   5.7025196e+00  -4.1203275e+01
   1.4345029e+02   5.6676768e+00  -4.0949163e+01
   1.4434366e+02   5.6329087e+00  -4.0692052e+01
   1.4524259e+02   5.5982157e+00  -4.0431877e+01
   1.4614712e+02   5.5635984e+00  -4.0168566e+01
   1.4705728e+02   5.5290572e+00  -3.9902050e+01
   1.4797311e+02   5.4947445e+00  -3.9633373e+01
   1.4889464e+02   5.4606609e+00  -3.9362531e+01
   1.4982192e+02   5.4266569e+00  -3.9088365e+01
   1.5075496e+02   5.3927331e+00  -3.8810804e+01
   1.5169382e+02   5.3588905e+00  -3.8529771e+01
   1.5263853e+02   5.3251299e+00  -3.8245189e+01
   1.5358912e+02   5.2914525e+00  -3.7956981e+01
   1.5454562e+02   5.2578693e+00  -3.7665152e+01
   1.5550809e+02   5.2247344e+00  -3.7372623e+01
   1.5647655e+02   5.1916865e+00  -3.7076367e+01
   1.5745104e+02   5.1587267e+00  -3.6776304e+01
   1.5843160e+02   5.1258563e+00  -3.6472352e+01
   1.5941827e+02   5.0930763e+00  -3.6164428e+01
   1.6041108e+02   5.0603882e+00  -3.5852449e+01
   1.6141007e+02   5.0277932e+00  -3.5536327e+01
   1.6241529e+02   4.9954966e+00  -3.5218488e+01
   1.6342676e+02   4.9634595e+00  -3.4898500e+01
   1.6444454e+02   4.9315178e+00  -3.4574289e+01
   1.6546865e+02   4.8996728e+00  -3.4245768e+01
   1.6649914e+02   4.8679258e+00  -3.3912847e+01
   1.6753605e+02   4.8362781e+00  -3.3575436e+01
   1.6857942e+02   4.8047310e+00  -3.3233440e+01
   1.6962928e+02   4.7733067e+00  -3.2887055e+01
   1.7068568e+02   4.7422251e+00  -3.2539344e+01
   1.7174866e+02   4.7112458e+00  -3.2186905e+01
   1.7281827e+02   4.6803701e+00  -3.1829638e+01
   1.7389453e+02   4.6495990e+00  -3.1467442e+01
   1.7497749e+02   4.6189337e+00  -3.1100214e+01
   1.7606720e+02   4.5883754e+00  -3.0727845e+01
   1.7716370e+02   4.5579251e+00  -3.0350223e+01
   1.7826702e+02   4.5277351e+00  -2.9969701e+01
   1.7937722e+02   4.4977515e+00  -2.9585428e+01
   1.8049433e+02   4.4678762e+00  -2.9195699e+01
   1.8161839e+02   4.4381104e+00  -2.8800387e+01
   1.8274946e+02   4.4084554e+00  -2.8399357e+01
   1.8388757e+02   4.3789128e+00  -2.7992469e+01
   1.8503277e+02   4.3494844e+00  -2.7579577e+01
   1.8618510e+02   4.3202063e+00  -2.7161375e+01
   1.8734461e+02   4.2912700e+00  -2.6742615e+01
   1.8851134e+02   4.2624481e+00  -2.6317593e+01
   1.8968533e+02   4.2337440e+00  -2.5886141e+01
   1.9086664e+02   4.2051615e+00  -2.5448088e+01
   1.9205530e+02   4.1767050e+00  -2.5003260e+01
   1.9325136e+02   4.1483797e+00  -2.4551481e+01
   1.9445488e+02   4.1201914e+00  -2.4092577e+01
   1.9566589e+02   4.0922142e+00  -2.3631068e+01
   1.9688444e+02   4.0644144e+00  -2.3164704e+01
   1.9811058e+02   4.0367615e+00  -2.2690902e+01
   1.9934435e+02   4.0092626e+00  -2.2209509e+01
   2.0058581e+02   3.9819247e+00  -2.1720376e+01
   2.0183500e+02   3.9547548e+00  -2.1223364e+01
   2.0309197e+02   3.9277596e+00  -2.0718339e+01
   2.0435677e+02   3.9009759e+00  -2.0206517e+01
   2.0562945e+02   3.8745104e+00  -1.9692571e+01
   2.0691005e+02   3.8482265e+00  -1.9170438e+01
   2.0819862e+02   3.8221287e+00  -1.8639992e+01
   2.0949522e+02   3.7962209e+00  -1.8101104e+01
   2.1079990e+02   3.7705065e+00  -1.7553637e+01
   2.1211270e+02   3.7449886e+00  -1.6997450e+01
   2.1343368e+02   3.7196701e+00  -1.6432389e+01
   2.1476288e+02   3.6946063e+00  -1.5864862e+01
   2.1610036e+02   3.6697571e+00  -1.5291001e+01
   2.1744617e+02   3.6451009e+00  -1.4707942e+01
   2.1880037e+02   3.6206403e+00  -1.4115485e+01
   2.2016299e+02   3.5963779e+00  -1.3513417e+01
   2.2153410e+02   3.5723166e+00  -1.2901511e+01
   2.2291375e+02   3.5484597e+00  -1.2279529e+01
   2.2430200e+02   3.5247955e+00  -1.1649210e+01
   2.2569888e+02   3.5012849e+00  -1.1014880e+01
   2.2710447e+02   3.4779787e+00  -1.0369790e+01
   2.2851881e+02   3.4548820e+00  -9.7136437e+00
   2.2994196e+02   3.4320009e+00  -9.0461335e+00
   2.3137397e+02   3.4093422e+00  -8.3669382e+00
   2.3281491e+02   3.3869133e+00  -7.6757243e+00
   2.3426481e+02   3.3647227e+00  -6.9721466e+00
   2.3572374e+02   3.3427079e+00  -6.2632604e+00
   2.3719176e+02   3.3209157e+00  -5.5437096e+00
   2.3866892e+02   3.2993784e+00  -4.8107794e+00
   2.4015529e+02   3.2781083e+00  -4.0640710e+00
   2.4165090e+02   3.2571193e+00  -3.3031752e+00
   2.4315584e+02   3.2364261e+00  -2.5276738e+00
   2.4467014e+02   3.2160451e+00  -1.7371402e+00
   2.4619388e+02   3.1959477e+00  -9.3226952e-01
   2.4772710e+02   3.1760807e+00  -1.1429510e-01
   2.4926987e+02   3.1565786e+00   7.2005377e-01
   2.5082225e+02   3.1374645e+00   1.5712248e+00
   2.5238430e+02   3.1187629e+00   2.4396645e+00
   2.5395608e+02   3.1005007e+00   3.3258150e+00
   2.5553764e+02   3.0827065e+00   4.2301107e+00
   2.5712906e+02   3.0654112e+00   5.1529748e+00
   2.5873039e+02   3.0484247e+00   6.0831214e+00
   2.6034168e+02   3.0319370e+00   7.0299117e+00
   2.6196302e+02   3.0160357e+00   7.9964279e+00
   2.6359445e+02   3.0007614e+00   8.9830141e+00
   2.6523604e+02   2.9861569e+00   9.9899769e+00
   2.6688785e+02   2.9722677e+00   1.1017579e+01
   2.6854995e+02   2.9591416e+00   1.2066031e+01
   2.7022240e+02   2.9467363e+00   1.3132597e+01
   2.7190527e+02   2.9350083e+00   1.4214630e+01
   2.7359862e+02   2.9241919e+00   1.5317835e+01
   2.7530251e+02   2.9143448e+00   1.6442147e+01
   2.7701702e+02   2.9055271e+00   1.7587411e+01
   2.7874220e+02   2.8978013e+00   1.8753372e+01
   2.8047812e+02   2.8912313e+00   1.9939670e+01
   2.8222486e+02   2.8858832e+00   2.1145828e+01
   2.8398248e+02   2.8815298e+00   2.2365009e+01
   2.8575104e+02   2.8784786e+00   2.3601857e+01
   2.8753061e+02   2.8768447e+00   2.4856518e+01
   2.8932127e+02   2.8766981e+00   2.6128008e+01
   2.9112308e+02   2.8781087e+00   2.7415212e+01
   2.9293611e+02   2.8811461e+00   2.8716878e+01
   2.9476043e+02   2.8858795e+00   3.0031624e+01
   2.9659611e+02   2.8922203e+00   3.1355053e+01
   2.9844323e+02   2.9001378e+00   3.2684007e+01
   3.0030185e+02   2.9099373e+00   3.4021312e+01
   3.0217204e+02   2.9216801e+00   3.5365132e+01
   3.0405388e+02   2.9354250e+00   3.6713543e+01
   3.0594744e+02   2.9512272e+00   3.8064550e+01
   3.0785279e+02   2.9691384e+00   3.9416102e+01
   3.0977001e+02   2.9892064e+00   4.0766112e+01
   3.1169917e+02   3.0110450e+00   4.2107272e+01
   3.1364034e+02   3.0350687e+00   4.3442373e+01
   3.1559360e+02   3.0613503e+00   4.4769821e+01
   3.1755903e+02   3.0899183e+00   4.6087576e+01
   3.1953670e+02   3.1207969e+00   4.7393654e+01
   3.2152668e+02   3.1540051e+00   4.8686146e+01
   3.2352905e+02   3.1895573e+00   4.9963235e+01
   3.2554390e+02   3.2272434e+00   5.1221226e+01
   3.2757129e+02   3.2669972e+00   5.2458120e+01
   3.2961131e+02   3.3090920e+00   5.3674999e+01
   3.3166404e+02   3.3535239e+00   5.4870522e+01
   3.3372955e+02   3.4002849e+00   5.6043487e+01
   3.3580792e+02   3.4493640e+00   5.7192831e+01
   3.3789923e+02   3.5007467e+00   5.8317631e+01
   3.4000357e+02   3.5544159e+00   5.9417106e+01
   3.4212102e+02   3.6098127e+00   6.0486370e+01
   3.4425165e+02   3.6674137e+00   6.1529175e+01
   3.4639555e+02   3.7272126e+00   6.2545280e+01
   3.4855280e+02   3.7891834e+00   6.3534424e+01
   3.5072348e+02   3.8532995e+00   6.4496456e+01
   3.5290769e+02   3.9195332e+00   6.5431331e+01
   3.5510550e+02   3.9878565e+00   6.6339101e+01
   3.5731699e+02   4.0579310e+00   6.7219040e+01
   3.5954226e+02   4.1297020e+00   6.8071462e+01
   3.6178138e+02   4.2034535e+00   6.8897591e+01
   3.6403445e+02   4.2791576e+00   6.9697782e+01
   3.6630156e+02   4.3567867e+00   7.0472444e+01
   3.6858278e+02   4.4363146e+00   7.1222035e+01
   3.7087820e+02   4.5177156e+00   7.1947052e+01
   3.7318793e+02   4.6009507e+00   7.2647997e+01
   3.7551203e+02   4.6852295e+00   7.3324014e+01
   3.7785061e+02   4.7712825e+00   7.3977291e+01
   3.8020376e+02   4.8590892e+00   7.4608423e+01
   3.8257156e+02   4.9486304e+00   7.5218020e+01
   3.8495410e+02   5.0398887e+00   7.5806696e+01
   3.8735149e+02   5.1328484e+00   7.6375070e+01
   3.8976380e+02   5.2274955e+00   7.6923764e+01
   3.9219114e+02   5.3233937e+00   7.7452850e+01
   3.9463359e+02   5.4205805e+00   7.7963130e+01
   3.9709125e+02   5.5193946e+00   7.8455695e+01
   3.9956422e+02   5.6198288e+00   7.8931140e+01
   4.0205260e+02   5.7218776e+00   7.9390049e+01
   4.0455646e+02   5.8255375e+00   7.9832995e+01
   4.0707592e+02   5.9308067e+00   8.0260538e+01
   4.0961108e+02   6.0376226e+00   8.0673252e+01
   4.1216202e+02   6.1452095e+00   8.1072068e+01
   4.1472884e+02   6.2543822e+00   8.1457193e+01
   4.1731165e+02   6.3651458e+00   8.1829123e+01
   4.1991055e+02   6.4775072e+00   8.2188343e+01
   4.2252563e+02   6.5914753e+00   8.2535319e+01
   4.2515700e+02   6.7070605e+00   8.2870502e+01
   4.2780475e+02   6.8242750e+00   8.3194329e+01
   4.3046900e+02   6.9425531e+00   8.3507732e+01
   4.3314984e+02   7.0620748e+00   8.3811032e+01
   4.3584737e+02   7.1832432e+00   8.4104290e+01
   4.3856170e+02   7.3060772e+00   8.4387879e+01
   4.4129294e+02   7.4305972e+00   8.4662158e+01
   4.4404118e+02   7.5568257e+00   8.4927469e+01
   4.4680654e+02   7.6847866e+00   8.5184145e+01
   4.4958912e+02   7.8143435e+00   8.5432465e+01
   4.5238904e+02   7.9445031e+00   8.5672585e+01
   4.5520638e+02   8.0764359e+00   8.5905098e+01
   4.5804128e+02   8.2101722e+00   8.6130281e+01
   4.6089383e+02   8.3457441e+00   8.6348399e+01
   4.6376414e+02   8.4831853e+00   8.6559708e+01
   4.6665233e+02   8.6225314e+00   8.6764450e+01
   4.6955851e+02   8.7638196e+00   8.6962858e+01
   4.7248278e+02   8.9065478e+00   8.7157311e+01
   4.7542527e+02   9.0509890e+00   8.7347077e+01
   4.7838608e+02   9.1974762e+00   8.7531200e+01
   4.8136533e+02   9.3460538e+00   8.7709875e+01
   4.8436314e+02   9.4967683e+00   8.7883287e+01
   4.8737961e+02   9.6496679e+00   8.8051615e+01
   4.9041487e+02   9.8048031e+00   8.8215028e+01
   4.9346903e+02   9.9620101e+00   8.8374009e+01
   4.9654221e+02   1.0120517e+01   8.8529950e+01
   4.9963454e+02   1.0281391e+01   8.8681512e+01
   5.0274612e+02   1.0444689e+01   8.8828837e+01
   5.0587707e+02   1.0610472e+01   8.8972061e+01
   5.0902753e+02   1.0778804e+01   8.9111312e+01
   5.1219761e+02   1.0949750e+01   8.9246716e+01
   5.1538743e+02   1.1123377e+01   8.9378391e+01
   5.1859711e+02   1.1298981e+01   8.9508479e+01
   5.2182678e+02   1.1477058e+01   8.9635967e+01
   5.2507657e+02   1.1658010e+01   8.9760100e+01
   5.2834660e+02   1.1841915e+01   8.9880976e+01
   5.3163699e+02   1.2028855e+01   8.9998690e+01
   5.3494787e+02   1.2218914e+01   9.0113336e+01
   5.3827937e+02   1.2412180e+01   9.0225000e+01
   5.4163162e+02   1.2608461e+01   9.0334329e+01
   5.4500474e+02   1.2807142e+01   9.0442789e+01
   5.4839888e+02   1.3009282e+01   9.0548556e+01
   5.5181415e+02   1.3214985e+01   9.0651703e+01
   5.5525069e+02   1.3424355e+01   9.0752304e+01
   5.5870863e+02   1.3637503e+01   9.0850427e+01
   5.6218810e+02   1.3854542e+01   9.0946138e+01
   5.6568925e+02   1.4075591e+01   9.1039503e+01
   5.6921220e+02   1.4299739e+01   9.1132505e+01
   5.7275709e+02   1.4527777e+01   9.1223950e+01
   5.7632405e+02   1.4760177e+01   9.1313267e+01
   5.7991323e+02   1.4997078e+01   9.1400512e+01
   5.8352477e+02   1.5238624e+01   9.1485740e+01
   5.8715879e+02   1.5484965e+01   9.1569003e+01
   5.9081545e+02   1.5736260e+01   9.1650352e+01
   5.9449487e+02   1.5992382e+01   9.1730842e+01
   5.9819722e+02   1.6253021e+01   9.1812135e+01
   6.0192262e+02   1.6519105e+01   9.1891680e+01
   6.0567122e+02   1.6790820e+01   9.1969522e+01
   6.0944316e+02   1.7068360e+01   9.2045708e+01
   6.1323860e+02   1.7351930e+01   9.2120281e+01
   6.1705767e+02   1.7641742e+01   9.2193285e+01
   6.2090053e+02   1.7938020e+01   9.2264765e+01
   6.2476732e+02   1.8239557e+01   9.2337135e+01
   6.2865819e+02   1.8547643e+01   9.2408675e+01
   6.3257329e+02   1.8862883e+01   9.2478848e+01
   6.3651278e+02   1.9185543e+01   9.2547695e+01
   6.4047679e+02   1.9515906e+01   9.2615259e+01
   6.4446550e+02   1.9854268e+01   9.2681579e+01
   6.4847905e+02   2.0200941e+01   9.2746698e+01
   6.5251759e+02   2.0555717e+01   9.2811568e+01
   6.5658128e+02   2.0918361e+01   9.2877188e+01
   6.6067028e+02   2.1290304e+01   9.2941753e+01
   6.6478474e+02   2.1671927e+01   9.3005305e+01
   6.6892483e+02   2.2063633e+01   9.3067887e+01
   6.7309070e+02   2.2465846e+01   9.3129543e+01
   6.7728251e+02   2.2879015e+01   9.3190316e+01
   6.8150043e+02   2.3303614e+01   9.3250252e+01
   6.8574462e+02   2.3738959e+01   9.3312083e+01
   6.9001524e+02   2.4186530e+01   9.3373636e+01
   6.9431246e+02   2.4647088e+01   9.3434507e+01
   6.9863644e+02   2.5121230e+01   9.3494746e+01
   7.0298734e+02   2.5609588e+01   9.3554406e+01
   7.0736535e+02   2.6112837e+01   9.3613541e+01
   7.1177061e+02   2.6631692e+01   9.3672208e+01
   7.1620331e+02   2.7166402e+01   9.3731514e+01
   7.2066362e+02   2.7717428e+01   9.3792179e+01
   7.2515171e+02   2.8286461e+01   9.3852569e+01
   7.2966774e+02   2.8874426e+01   9.3912753e+01
   7.3421190e+02   2.9482312e+01   9.3972802e+01
   7.3878436e+02   3.0111180e+01   9.4032790e+01
   7.4338530e+02   3.0762167e+01   9.4092798e+01
   7.4801489e+02   3.1436491e+01   9.4152910e+01
   7.5267331e+02   3.2134061e+01   9.4216797e+01
   7.5736074e+02   3.2857498e+01   9.4281342e+01
   7.6207737e+02   3.3608460e+01   9.4346283e+01
   7.6682337e+02   3.4388585e+01   9.4411727e+01
   7.7159892e+02   3.5199643e+01   9.4477792e+01
   7.7640422e+02   3.6043552e+01   9.4544603e+01
   7.8123944e+02   3.6922390e+01   9.4612294e+01
   7.8610477e+02   3.7837135e+01   9.4681657e+01
   7.9100041e+02   3.8789751e+01   9.4753061e+01
   7.9592653e+02   3.9784544e+01   9.4825837e+01
   8.0088333e+02   4.0824429e+01   9.4900172e+01
   8.0587100e+02   4.1912592e+01   9.4976268e+01
   8.1088973e+02   4.3052531e+01   9.5054345e+01
   8.1593972e+02   4.4248088e+01   9.5134644e+01
   8.2102116e+02   4.5503493e+01   9.5217431e+01
   8.2613424e+02   4.6822166e+01   9.5305733e+01
   8.3127917e+02   4.8210414e+01   9.5397253e+01
   8.3645613e+02   4.9674019e+01   9.5492232e+01
   8.4166534e+02   5.1219359e+01   9.5591064e+01
   8.4690699e+02   5.2853549e+01   9.5694192e+01
   8.5218128e+02   5.4584556e+01   9.5802108e+01
   8.5748842e+02   5.6421325e+01   9.5915364e+01
   8.6282861e+02   5.8372701e+01   9.6035802e+01
   8.6820206e+02   6.0449890e+01   9.6164204e+01
   8.7360897e+02   6.2667090e+01   9.6300073e+01
   8.7904956e+02   6.5039040e+01   9.6444317e+01
   8.8452403e+02   6.7582620e+01   9.6597978e+01
   8.9003259e+02   7.0317245e+01   9.6762250e+01
   8.9557545e+02   7.3265366e+01   9.6938517e+01
   9.0115284e+02   7.6453054e+01   9.7128426e+01
   9.0676496e+02   7.9908130e+01   9.7337485e+01
   9.1241203e+02   8.3668995e+01   9.7564238e+01
   9.1809427e+02   8.7778150e+01   9.7811307e+01
   9.2381189e+02   9.2286314e+01   9.8081826e+01
   9.2956513e+02   9.7254494e+01   9.8379568e+01
   9.3535419e+02   1.0275672e+02   9.8709117e+01
   9.4117931e+02   1.0888366e+02   9.9076100e+01
   9.4704070e+02   1.1574436e+02   9.9488424e+01
   9.5293860e+02   1.2347925e+02   9.9954732e+01
   9.5887323e+02   1.3226921e+02   1.0048538e+02
   9.6484481e+02   1.4234360e+02   1.0109480e+02
   9.7085359e+02   1.5400236e+02   1.0180192e+02
   9.7689978e+02   1.6764486e+02   1.0263214e+02
   9.8298363e+02   1.8381371e+02   1.0362025e+02
   9.8910537e+02   2.0326300e+02   1.0481525e+02
   9.9526524e+02   2.2706457e+02   1.0628964e+02
   1.0014635e+03   2.5680066e+02   1.0814754e+02
   1.0077003e+03   2.9486083e+02   1.1055422e+02
   1.0139760e+03   3.4497247e+02   1.1377974e+02
   1.0202907e+03   4.1306818e+02   1.1828904e+02
   1.0266448e+03   5.0838318e+02   1.2492489e+02
   1.0330384e+03   6.4255201e+02   1.3525195e+02
   1.0394719e+03   8.1279846e+02   1.5185894e+02
   1.0459454e+03   9.3725074e+02   1.7641735e+02
   1.0524593e+03   8.8019336e+02   2.0307162e+02
   1.0590137e+03   7.1326206e+02   2.2295993e+02
   1.0656089e+03   5.6272033e+02   2.3547238e+02
   1.0722452e+03   4.5346414e+02   2.4335604e+02
   1.0789229e+03   3.7592227e+02   2.4858934e+02
   1.0856421e+03   3.1955189e+02   2.5225639e+02
   1.0924031e+03   2.7724967e+02   2.5494728e+02
   1.0992063e+03   2.4454959e+02   2.5699448e+02
   1.1060519e+03   2.1861238e+02   2.5859848e+02
   1.1129400e+03   1.9758437e+02   2.5988553e+02
   1.1198711e+03   1.8021745e+02   2.6093861e+02
   1.1268453e+03   1.6564600e+02   2.6181429e+02
   1.1338630e+03   1.5325341e+02   2.6255236e+02
   1.1409244e+03   1.4258596e+02   2.6318320e+02
   1.1480297e+03   1.3331069e+02   2.6372739e+02
   1.1551793e+03   1.2517513e+02   2.6420010e+02
   1.1623734e+03   1.1798254e+02   2.6461368e+02
   1.1696124e+03   1.1157863e+02   2.6497778e+02
   1.1768964e+03   1.0584088e+02   2.6530005e+02
   1.1842257e+03   1.0067071e+02   2.6558662e+02
   1.1916008e+03   9.5987691e+01   2.6584259e+02
   1.1990217e+03   9.1724879e+01   2.6607258e+02
   1.2064889e+03   8.7829391e+01   2.6627929e+02
   1.2140025e+03   8.4255667e+01   2.6646554e+02
   1.2215630e+03   8.0965359e+01   2.6663370e+02
   1.2291705e+03   7.7925958e+01   2.6678578e+02
   1.2368255e+03   7.5109731e+01   2.6692348e+02
   1.2445280e+03   7.2492873e+01   2.6704828e+02
   1.2522786e+03   7.0054154e+01   2.6716282e+02
   1.2600774e+03   6.7776193e+01   2.6726744e+02
   1.2679248e+03   6.5643768e+01   2.6736247e+02
   1.2758211e+03   6.3643269e+01   2.6744876e+02
   1.2837666e+03   6.1762729e+01   2.6752704e+02
   1.2917615e+03   5.9991584e+01   2.6759796e+02
   1.2998062e+03   5.8320472e+01   2.6766210e+02
   1.3079010e+03   5.6740785e+01   2.6772029e+02
   1.3160463e+03   5.5244408e+01   2.6777379e+02
   1.3242422e+03   5.3825733e+01   2.6782189e+02
   1.3324892e+03   5.2478787e+01   2.6786497e+02
   1.3407876e+03   5.1198193e+01   2.6790336e+02
   1.3491376e+03   4.9979097e+01   2.6793735e+02
   1.3575396e+03   4.8817110e+01   2.6796724e+02
   1.3659940e+03   4.7708246e+01   2.6799326e+02
   1.3745010e+03   4.6647949e+01   2.6801712e+02
   1.3830610e+03   4.5633585e+01   2.6803807e+02
   1.3916743e+03   4.4662465e+01   2.6805577e+02
   1.4003413e+03   4.3731828e+01   2.6807039e+02
   1.4090622e+03   4.2839145e+01   2.6808210e+02
   1.4178374e+03   4.1982091e+01   2.6809104e+02
   1.4266673e+03   4.1158528e+01   2.6809735e+02
   1.4355522e+03   4.0366423e+01   2.6810098e+02
   1.4444924e+03   3.9603860e+01   2.6810173e+02
   1.4534883e+03   3.8869324e+01   2.6810019e+02
   1.4625402e+03   3.8161258e+01   2.6809647e+02
   1.4716485e+03   3.7478218e+01   2.6809066e+02
   1.4808135e+03   3.6818862e+01   2.6808285e+02
   1.4900355e+03   3.6181945e+01   2.6807312e+02
   1.4993151e+03   3.5566305e+01   2.6806154e+02
   1.5086524e+03   3.4967933e+01   2.6804998e+02
   1.5180478e+03   3.4388110e+01   2.6803719e+02
   1.5275018e+03   3.3826654e+01   2.6802275e+02
   1.5370146e+03   3.3282675e+01   2.6800672e+02
   1.5465867e+03   3.2755342e+01   2.6798917e+02
   1.5562184e+03   3.2243875e+01   2.6797013e+02
   1.5659101e+03   3.1747542e+01   2.6794967e+02
   1.5756621e+03   3.1266200e+01   2.6792805e+02
   1.5854749e+03   3.0799773e+01   2.6790556e+02
   1.5953488e+03   3.0346487e+01   2.6788177e+02
   1.6052841e+03   2.9905772e+01   2.6785671e+02
   1.6152814e+03   2.9477091e+01   2.6783043e+02
   1.6253409e+03   2.9059935e+01   2.6780295e+02
   1.6354630e+03   2.8653825e+01   2.6777432e+02
   1.6456482e+03   2.8258308e+01   2.6774455e+02
   1.6558969e+03   2.7872472e+01   2.6771430e+02
   1.6662093e+03   2.7496323e+01   2.6768309e+02
   1.6765860e+03   2.7129565e+01   2.6765084e+02
   1.6870273e+03   2.6771833e+01   2.6761758e+02
   1.6975336e+03   2.6422782e+01   2.6758333e+02
   1.7081053e+03   2.6082082e+01   2.6754812e+02
   1.7187429e+03   2.5749422e+01   2.6751197e+02
   1.7294468e+03   2.5424360e+01   2.6747524e+02
   1.7402173e+03   2.5106524e+01   2.6743820e+02
   1.7510548e+03   2.4795891e+01   2.6740028e+02
   1.7619599e+03   2.4492205e+01   2.6736150e+02
   1.7729329e+03   2.4195223e+01   2.6732188e+02
   1.7839742e+03   2.3904712e+01   2.6728145e+02
   1.7950843e+03   2.3620451e+01   2.6724020e+02
   1.8062635e+03   2.3342227e+01   2.6719818e+02
   1.8175124e+03   2.3069400e+01   2.6715577e+02
   1.8288314e+03   2.2802177e+01   2.6711264e+02
   1.8402208e+03   2.2540425e+01   2.6706878e+02
   1.8516812e+03   2.2283966e+01   2.6702420e+02
   1.8632129e+03   2.2032631e+01   2.6697890e+02
   1.8748164e+03   2.1786259e+01   2.6693290e+02
   1.8864923e+03   2.1544694e+01   2.6688622e+02
   1.8982408e+03   2.1307655e+01   2.6683923e+02
   1.9100625e+03   2.1074960e+01   2.6679207e+02
   1.9219578e+03   2.0846652e+01   2.6674427e+02
   1.9339272e+03   2.0622599e+01   2.6669583e+02
   1.9459711e+03   2.0402676e+01   2.6664676e+02
   1.9580901e+03   2.0186761e+01   2.6659707e+02
   1.9702845e+03   1.9974739e+01   2.6654678e+02
   1.9825549e+03   1.9766498e+01   2.6649589e+02
   1.9949017e+03   1.9561515e+01   2.6644410e+02
   2.0073253e+03   1.9360090e+01   2.6639172e+02
   2.0198264e+03   1.9162146e+01   2.6633877e+02
   2.0324053e+03   1.8967585e+01   2.6628526e+02
   2.0450625e+03   1.8776316e+01   2.6623121e+02
   2.0577986e+03   1.8588250e+01   2.6617661e+02
   2.0706139e+03   1.8403302e+01   2.6612148e+02
   2.0835091e+03   1.8221243e+01   2.6606611e+02
   2.0964846e+03   1.8041984e+01   2.6601053e+02
   2.1095409e+03   1.7865610e+01   2.6595444e+02
   2.1226785e+03   1.7692047e+01   2.6589785e+02
   2.1358980e+03   1.7521224e+01   2.6584077e+02
   2.1491997e+03   1.7353071e+01   2.6578319e+02
   2.1625843e+03   1.7187521e+01   2.6572514e+02
   2.1760523e+03   1.7024510e+01   2.6566661e+02
   2.1896041e+03   1.6863698e+01   2.6560774e+02
   2.2032403e+03   1.6705309e+01   2.6554842e+02
   2.2169615e+03   1.6549284e+01   2.6548864e+02
   2.2307681e+03   1.6395566e+01   2.6542841e+02
   2.2446606e+03   1.6244102e+01   2.6536774e+02
   2.2586397e+03   1.6094838e+01   2.6530662e+02
   2.2727059e+03   1.5947724e+01   2.6524507e+02
   2.2868597e+03   1.5802477e+01   2.6518301e+02
   2.3011016e+03   1.5659081e+01   2.6512045e+02
   2.3154322e+03   1.5517699e+01   2.6505746e+02
   2.3298520e+03   1.5378286e+01   2.6499407e+02
   2.3443617e+03   1.5240798e+01   2.6493027e+02
   2.3589617e+03   1.5105193e+01   2.6486606e+02
   2.3736526e+03   1.4971431e+01   2.6480146e+02
   2.3884350e+03   1.4839445e+01   2.6473649e+02
   2.4033095e+03   1.4708800e+01   2.6467170e+02
   2.4182766e+03   1.4579888e+01   2.6460652e+02
   2.4333370e+03   1.4452675e+01   2.6454096e+02
   2.4484911e+03   1.4327124e+01   2.6447502e+02
   2.4637396e+03   1.4203201e+01   2.6440870e+02
   2.4790830e+03   1.4080872e+01   2.6434202e+02
   2.4945220e+03   1.3960105e+01   2.6427497e+02
   2.5100572e+03   1.3840793e+01   2.6420747e+02
   2.5256891e+03   1.3722927e+01   2.6413954e+02
   2.5414184e+03   1.3606533e+01   2.6407125e+02
   2.5572456e+03   1.3491582e+01   2.6400261e+02
   2.5731714e+03   1.3378047e+01   2.6393363e+02
   2.5891964e+03   1.3265899e+01   2.6386429e+02
   2.6053211e+03   1.3155113e+01   2.6379462e+02
   2.6215463e+03   1.3045614e+01   2.6372458e+02
   2.6378726e+03   1.2937039e+01   2.6365401e+02
   2.6543005e+03   1.2829756e+01   2.6358311e+02
   2.6708307e+03   1.2723742e+01   2.6351189e+02
   2.6874639e+03   1.2618973e+01   2.6344033e+02
   2.7042006e+03   1.2515427e+01   2.6336845e+02
   2.7210416e+03   1.2413080e+01   2.6329624e+02
   2.7379874e+03   1.2311913e+01   2.6322371e+02
   2.7550388e+03   1.2211759e+01   2.6315056e+02
   2.7721964e+03   1.2112663e+01   2.6307692e+02
   2.7894609e+03   1.2014686e+01   2.6300296e+02
   2.8068328e+03   1.1917811e+01   2.6292869e+02
   2.8243130e+03   1.1822018e+01   2.6285412e+02
   2.8419020e+03   1.1727288e+01   2.6277924e+02
   2.8596005e+03   1.1633602e+01   2.6270405e+02
   2.8774093e+03   1.1540881e+01   2.6262858e+02
   2.8953290e+03   1.1448831e+01   2.6255293e+02
   2.9133602e+03   1.1357781e+01   2.6247697e+02
   2.9315038e+03   1.1267715e+01   2.6240073e+02
   2.9497604e+03   1.1178615e+01   2.6232418e+02
   2.9681306e+03   1.1090467e+01   2.6224735e+02
   2.9866153e+03   1.1003254e+01   2.6217022e+02
   3.0052151e+03   1.0916961e+01   2.6209280e+02
   3.0239307e+03   1.0831461e+01   2.6201488e+02
   3.0427629e+03   1.0746802e+01   2.6193657e+02
   3.0617123e+03   1.0663023e+01   2.6185797e+02
   3.0807798e+03   1.0580110e+01   2.6177909e+02
   3.0999660e+03   1.0498050e+01   2.6169993e+02
   3.1192717e+03   1.0416830e+01   2.6162049e+02
   3.1386976e+03   1.0336437e+01   2.6154077e+02
   3.1582445e+03   1.0256787e+01   2.6146072e+02
   3.1779131e+03   1.0177679e+01   2.6138021e+02
   3.1977043e+03   1.0099367e+01   2.6129942e+02
   3.2176186e+03   1.0021837e+01   2.6121836e+02
   3.2376570e+03   9.9450792e+00   2.6113703e+02
   3.2578202e+03   9.8690815e+00   2.6105543e+02
   3.2781090e+03   9.7938329e+00   2.6097355e+02
   3.2985241e+03   9.7193225e+00   2.6089140e+02
   3.3190664e+03   9.6452590e+00   2.6080881e+02
   3.3397366e+03   9.5718171e+00   2.6072590e+02
   3.3605355e+03   9.4990880e+00   2.6064271e+02
   3.3814639e+03   9.4270616e+00   2.6055926e+02
   3.4025227e+03   9.3557282e+00   2.6047555e+02
   3.4237126e+03   9.2850780e+00   2.6039156e+02
   3.4450345e+03   9.2151015e+00   2.6030732e+02
   3.4664892e+03   9.1456685e+00   2.6022257e+02
   3.4880775e+03   9.0765536e+00   2.6013687e+02
   3.5098003e+03   9.0080922e+00   2.6005091e+02
   3.5316583e+03   8.9402755e+00   2.5996469e+02
   3.5536524e+03   8.8730947e+00   2.5987820e+02
   3.5757836e+03   8.8065415e+00   2.5979146e+02
   3.5980525e+03   8.7406075e+00   2.5970446e+02
   3.6204601e+03   8.6752844e+00   2.5961719e+02
   3.6430073e+03   8.6104040e+00   2.5952990e+02
   3.6656949e+03   8.5460782e+00   2.5944241e+02
   3.6885238e+03   8.4823429e+00   2.5935466e+02
   3.7114949e+03   8.4191904e+00   2.5926665e+02
   3.7346090e+03   8.3566135e+00   2.5917838e+02
   3.7578671e+03   8.2946046e+00   2.5908986e+02
   3.7812700e+03   8.2331566e+00   2.5900107e+02
   3.8048186e+03   8.1722072e+00   2.5891199e+02
   3.8285140e+03   8.1116855e+00   2.5882255e+02
   3.8523568e+03   8.0517064e+00   2.5873286e+02
   3.8763482e+03   7.9922635e+00   2.5864291e+02
   3.9004890e+03   7.9333499e+00   2.5855271e+02
   3.9247801e+03   7.8749594e+00   2.5846224e+02
   3.9492225e+03   7.8170855e+00   2.5837152e+02
   3.9738171e+03   7.7597219e+00   2.5828054e+02
   3.9985649e+03   7.7025584e+00   2.5818844e+02
   4.0234668e+03   7.6458397e+00   2.5809592e+02
   4.0485238e+03   7.5896186e+00   2.5800314e+02
   4.0737368e+03   7.5338893e+00   2.5791010e+02
   4.0991069e+03   7.4786459e+00   2.5781681e+02
   4.1246350e+03   7.4238828e+00   2.5772326e+02
   4.1503220e+03   7.3695943e+00   2.5762945e+02
   4.1761690e+03   7.3156469e+00   2.5753538e+02
   4.2021770e+03   7.2619441e+00   2.5744106e+02
   4.2283469e+03   7.2087050e+00   2.5734648e+02
   4.2546799e+03   7.1559241e+00   2.5725164e+02
   4.2811768e+03   7.1035963e+00   2.5715655e+02
   4.3078387e+03   7.0517165e+00   2.5706119e+02
   4.3346667e+03   7.0002796e+00   2.5696558e+02
   4.3616617e+03   6.9492806e+00   2.5686970e+02
   4.3888249e+03   6.8984623e+00   2.5677387e+02
   4.4161573e+03   6.8480454e+00   2.5667781e+02
   4.4436598e+03   6.7980561e+00   2.5658149e+02
   4.4713336e+03   6.7484899e+00   2.5648491e+02
   4.4991798e+03   6.6993420e+00   2.5638806e+02
   4.5271994e+03   6.6506079e+00   2.5629096e+02
   4.5553935e+03   6.6022832e+00   2.5619359e+02
   4.5837632e+03   6.5541538e+00   2.5609589e+02
   4.6123095e+03   6.5061370e+00   2.5599783e+02
   4.6410337e+03   6.4585239e+00   2.5589951e+02
   4.6699367e+03   6.4113101e+00   2.5580092e+02
   4.6990197e+03   6.3644914e+00   2.5570207e+02
   4.7282839e+03   6.3180636e+00   2.5560295e+02
   4.7577302e+03   6.2720225e+00   2.5550357e+02
   4.7873600e+03   6.2263642e+00   2.5540391e+02
   4.8171743e+03   6.1809595e+00   2.5530305e+02
   4.8471743e+03   6.1359238e+00   2.5520187e+02
   4.8773611e+03   6.0912610e+00   2.5510042e+02
   4.9077359e+03   6.0469672e+00   2.5499870e+02
   4.9382999e+03   6.0030385e+00   2.5489670e+02
   4.9690542e+03   5.9594713e+00   2.5479444e+02
   5.0000000e+03   5.9162618e+00   2.5469190e+02
