  -5.3760405e+01  -4.7744049e+01  -4.4902001e+01  -4.8604760e+01  -4.8316747e+01  -4.7949712e+01
  -4.4660891e+01  -4.7012240e+01  -5.3272011e+01  -4.8000529e+01  -4.6780688e+01  -4.7233029e+01
  -5.4634755e+01  -4.7426141e+01  -4.9754333e+01  -4.5686675e+01  -4.7432459e+01  -4.7355504e+01
  -4.7837799e+01  -4.7097770e+01  -4.8516490e+01  -4.9293736e+01  -4.5886660e+01  -4.6707886e+01
  -4.9229523e+01  -4.9881343e+01  -5.2615897e+01  -4.4264000e+01  -4.6805884e+01  -4.6525660e+01
  -4.5600425e+01  -4.8725068e+01  -5.0693751e+01  -4.5206705e+01  -4.5519628e+01  -4.5687241e+01
  -4.5018937e+01  -4.5988062e+01  -5.1390293e+01  -4.5883461e+01  -4.5100572e+01  -4.5155948e+01
  -4.9392054e+01  -4.5865493e+01  -4.8052472e+01  -4.4986937e+01  -4.4919797e+01  -4.5104957e+01
  -5.1188065e+01  -4.6357784e+01  -4.6786231e+01  -4.4771790e+01  -4.4737295e+01  -4.4724657e+01
  -4.8610276e+01  -4.6112174e+01  -4.4163186e+01  -4.4328954e+01  -4.4405644e+01  -4.4126213e+01
  -4.4973360e+01  -4.5603530e+01  -4.6136617e+01  -4.5595031e+01  -4.4012724e+01  -4.3746480e+01
  -4.6905255e+01  -4.2077471e+01  -4.4392380e+01  -4.3147521e+01  -4.3404997e+01  -4.3607229e+01
  -4.9693809e+01  -4.2358345e+01  -4.5111705e+01  -4.2760349e+01  -4.2281938e+01  -4.2428708e+01
  -4.6776900e+01  -4.1119400e+01  -4.1554398e+01  -4.3435981e+01  -4.2008851e+01  -4.2165696e+01
  -4.5719791e+01  -4.4030227e+01  -4.9489159e+01  -4.2176369e+01  -4.2201295e+01  -4.2205691e+01
  -4.6942164e+01  -4.0106613e+01  -4.2925969e+01  -4.0984120e+01  -4.0951156e+01  -4.1288384e+01
  -4.0921852e+01  -4.1326837e+01  -4.1497163e+01  -4.1723427e+01  -4.0398944e+01  -4.0722871e+01
  -4.5576564e+01  -4.1611000e+01  -4.0351821e+01  -4.0770785e+01  -4.0574032e+01  -4.0680898e+01
  -4.4556299e+01  -4.0219969e+01  -4.7312313e+01  -3.9121763e+01  -3.9639977e+01  -4.0067675e+01
  -4.5180204e+01  -4.1003470e+01  -4.1297554e+01  -4.0309244e+01  -3.9658094e+01  -3.9233435e+01
  -4.3567023e+01  -4.0061014e+01  -4.1045257e+01  -4.0023796e+01  -3.8836732e+01  -3.9089706e+01
  -4.3893515e+01  -4.0339638e+01  -4.1206804e+01  -3.9457972e+01  -3.8588384e+01  -3.7924525e+01
  -4.3633111e+01  -3.9141299e+01  -4.4294706e+01  -3.8868163e+01  -3.8072930e+01  -3.7664275e+01
  -4.4231346e+01  -3.9248661e+01  -4.1440494e+01  -3.7888058e+01  -3.7846330e+01  -3.7352994e+01
  -4.0564889e+01  -3.7092335e+01  -4.2063699e+01  -3.6235789e+01  -3.6672220e+01  -3.6478116e+01
  -3.9707023e+01  -3.7375699e+01  -4.0272076e+01  -3.6806839e+01  -3.6051388e+01  -3.6021099e+01
  -4.2650667e+01  -3.5702210e+01  -4.2647118e+01  -3.5931661e+01  -3.5261429e+01  -3.5243591e+01
  -4.1717529e+01  -3.8123107e+01  -3.9582122e+01  -3.4916558e+01  -3.5165682e+01  -3.4617647e+01
  -4.2359325e+01  -3.5624348e+01  -3.8476786e+01  -3.4265335e+01  -3.4254646e+01  -3.3925530e+01
  -4.0590385e+01  -3.6387794e+01  -3.9542603e+01  -3.4000916e+01  -3.3466394e+01  -3.3760939e+01
  -4.1478739e+01  -3.4898215e+01  -4.0652545e+01  -3.2971458e+01  -3.2768752e+01  -3.3155372e+01
  -4.0103117e+01  -3.3943788e+01  -3.8356130e+01  -3.3396994e+01  -3.2381384e+01  -3.2260618e+01
  -3.9511753e+01  -3.3143023e+01  -3.7557013e+01  -3.2243068e+01  -3.1213981e+01  -3.1601870e+01
  -3.9224684e+01  -3.2541415e+01  -3.5763954e+01  -3.1627071e+01  -3.0977162e+01  -3.0935441e+01
  -3.9526235e+01  -3.2732170e+01  -3.6001963e+01  -3.0393909e+01  -2.9879307e+01  -3.0186505e+01
  -3.8810916e+01  -3.1150266e+01  -3.7813202e+01  -2.9847916e+01  -2.8968745e+01  -2.9592376e+01
  -3.7096278e+01  -3.0843964e+01  -3.6036482e+01  -3.0284977e+01  -2.8482589e+01  -2.8632566e+01
  -3.8317859e+01  -2.9978175e+01  -3.5512977e+01  -2.7122418e+01  -2.7455431e+01  -2.7737665e+01
  -3.6825039e+01  -2.8292179e+01  -3.6238782e+01  -2.7493470e+01  -2.6918423e+01  -2.6270708e+01
  -3.9404211e+01  -2.9537540e+01  -3.2866937e+01  -2.7150825e+01  -2.5910427e+01  -2.5893956e+01
  -3.6639522e+01  -2.8146214e+01  -3.2466673e+01  -2.5591224e+01  -2.5265438e+01  -2.5212717e+01
  -3.7506126e+01  -2.6184385e+01  -3.2736448e+01  -2.4842613e+01  -2.4606141e+01  -2.4281899e+01
  -3.5136526e+01  -2.5400376e+01  -3.4942204e+01  -2.3938751e+01  -2.3247995e+01  -2.3133891e+01
  -3.2953240e+01  -2.4536112e+01  -3.5148104e+01  -2.2913971e+01  -2.1968915e+01  -2.1550200e+01
  -3.3382022e+01  -2.3728295e+01  -3.1460325e+01  -2.1570369e+01  -2.1215464e+01  -2.0958530e+01
  -3.3057791e+01  -2.2572182e+01  -3.2641396e+01  -2.2154472e+01  -2.0053490e+01  -1.9591389e+01
  -3.5382866e+01  -2.1700371e+01  -3.1446831e+01  -2.0997596e+01  -1.9162933e+01  -1.8987044e+01
  -3.2639611e+01  -2.0410796e+01  -2.8816817e+01  -1.8811667e+01  -1.8389965e+01  -1.7447793e+01
  -3.3462687e+01  -1.9986132e+01  -3.0897423e+01  -1.8695928e+01  -1.7036629e+01  -1.6589809e+01
  -3.2095633e+01  -1.8328908e+01  -3.3926528e+01  -1.6380435e+01  -1.5868415e+01  -1.5628643e+01
  -3.4194353e+01  -1.7072223e+01  -2.7001087e+01  -1.5495326e+01  -1.4136811e+01  -1.3839927e+01
  -2.9724774e+01  -1.5736236e+01  -2.4937550e+01  -1.4270155e+01  -1.2756785e+01  -1.1653067e+01
  -3.4785681e+01  -1.4555781e+01  -2.3579976e+01  -1.2219598e+01  -1.0982737e+01  -1.0957026e+01
  -2.9212711e+01  -1.3359653e+01  -2.6381901e+01  -1.1619351e+01  -9.2359629e+00  -9.1242158e+00
  -3.1076732e+01  -1.2063022e+01  -3.1321924e+01  -9.8429229e+00  -7.8344017e+00  -6.7196164e+00
  -2.9758360e+01  -1.0334328e+01  -2.2064423e+01  -8.2278820e+00  -6.2035341e+00  -5.7176314e+00
  -2.8117868e+01  -8.6859589e+00  -2.5373747e+01  -5.6627633e+00  -4.3501342e+00  -4.0728437e+00
  -2.6668058e+01  -7.0202759e+00  -2.6719537e+01  -4.4535991e+00  -2.0894927e+00  -1.9191775e+00
  -2.4864946e+01  -3.6162897e+00  -2.4467062e+01  -2.5533310e+00  -8.4886801e-01   8.4289052e-02
  -2.6161788e+01  -3.0692294e+00  -2.2460737e+01  -7.8088566e-01   1.4841618e+00   2.6581350e+00
  -2.6578679e+01  -1.9786967e+00  -2.1668469e+01   1.4757606e+00   3.4421284e+00   4.9301689e+00
  -2.3307121e+01   2.5081951e-01  -2.1080120e+01   3.1689720e+00   6.4033545e+00   7.6129117e+00
  -2.4573700e+01   2.5508607e+00  -2.0806522e+01   5.7366297e+00   8.3769250e+00   9.3012482e+00
  -2.4296157e+01   5.6352654e+00  -1.8558276e+01   7.8286198e+00   1.0697592e+01   1.2235407e+01
  -2.2405113e+01   6.4214572e+00  -1.8244290e+01   9.2312186e+00   1.3166744e+01   1.4412406e+01
  -2.2026889e+01   8.8475885e+00  -1.7905212e+01   1.2947477e+01   1.5475517e+01   1.8030273e+01
  -2.0967885e+01   1.1351291e+01  -1.6636083e+01   1.4978094e+01   1.7596463e+01   1.9847841e+01
  -1.9639791e+01   1.3150837e+01  -1.4557281e+01   1.6398994e+01   2.1183221e+01   2.3980806e+01
  -1.9051941e+01   1.5419268e+01  -1.5922835e+01   1.8420102e+01   2.3602767e+01   2.6566994e+01
  -1.8193962e+01   1.8188265e+01  -1.5115935e+01   2.1763951e+01   2.6150032e+01   2.8357246e+01
  -1.7690281e+01   2.0239500e+01  -1.1349689e+01   2.4112484e+01   2.9332918e+01   3.1250764e+01
  -1.7943574e+01   2.3338323e+01  -1.1992968e+01   2.9620519e+01   3.1973545e+01   3.3909420e+01
  -1.6186457e+01   2.5932858e+01  -9.7722331e+00   3.0220907e+01   3.4826102e+01   3.6511532e+01
  -1.7125589e+01   3.1965015e+01  -6.9854656e+00   3.1712307e+01   3.7343978e+01   4.0769651e+01
  -1.5334044e+01   2.9298787e+01  -9.3823023e+00   3.5230205e+01   3.9884188e+01   4.2166769e+01
  -1.4627865e+01   3.5945976e+01  -7.9554748e+00   3.5941403e+01   4.2750154e+01   4.4201622e+01
  -1.1053433e+01   3.5174290e+01  -6.2939992e+00   3.9196294e+01   4.5366521e+01   4.8092201e+01
  -1.1901305e+01   3.8316391e+01  -4.9694000e+00   4.2665089e+01   4.8105108e+01   4.9354731e+01
  -1.1195786e+01   3.9773770e+01  -3.5178664e+00   4.6189970e+01   4.9939093e+01   5.0375728e+01
  -9.1593255e+00   4.2541176e+01   1.8303471e+00   4.6992139e+01   5.2248465e+01   5.2621904e+01
  -1.1048768e+01   4.5029083e+01   1.6612646e-01   4.8148716e+01   5.5102053e+01   5.6099555e+01
  -8.2921741e+00   4.7256014e+01   9.6926769e-01   5.2808877e+01   5.6708687e+01   5.9504638e+01
  -9.5445085e+00   4.6860225e+01   5.4539986e+00   5.4262557e+01   5.8729318e+01   6.1398093e+01
  -8.7318272e+00   4.9969933e+01   5.6005793e+00   5.6829219e+01   6.0738147e+01   6.3099130e+01
  -1.0073546e+01   3.6268773e+01   6.5792447e+00   5.8236666e+01   6.2467479e+01   6.3490113e+01
  -1.3821698e+01   3.0772062e+01   8.9935484e+00   6.0669760e+01   6.4983716e+01   6.4314740e+01
  -2.5662454e+01   3.0552716e+01   1.0465515e+01   6.2519621e+01   6.6214420e+01   6.6505679e+01
  -3.1003683e+01  -9.8389721e+00   1.2443897e+01   6.4792708e+01   6.8042462e+01   6.8339964e+01
  -1.1752719e+02  -1.0184676e+02   1.4283101e+01   6.6266162e+01   6.9707428e+01   7.0274661e+01
  -1.1605855e+02  -9.4323533e+01   1.6357504e+01   6.8224067e+01   7.1218613e+01   7.1327871e+01
  -1.3577662e+02  -8.1217451e+01   1.8100160e+01   6.9587214e+01   7.2447275e+01   7.3014005e+01
  -1.4060463e+02  -1.0454448e+02   1.9892561e+01   7.0550459e+01   7.3931103e+01   7.4813363e+01
  -1.4059580e+02  -1.0326301e+02   2.1836182e+01   7.1516601e+01   7.5498862e+01   7.5270986e+01
  -1.2716075e+02  -1.0332043e+02   2.3952517e+01   7.7249973e+01   7.6792519e+01   7.6481926e+01
  -1.3630502e+02  -1.0219493e+02   2.5961992e+01   7.2972291e+01   7.8245174e+01   7.9412510e+01
  -1.3847823e+02  -1.0106734e+02   2.7865606e+01   7.2317189e+01   7.9130196e+01   7.8990982e+01
  -1.3963306e+02  -1.0009259e+02   2.9647362e+01   7.2589224e+01   7.9971508e+01   8.0557251e+01
  -1.3821098e+02  -9.9301840e+01   3.1615933e+01   8.1897264e+01   8.1991564e+01   8.2018689e+01
  -1.3615846e+02  -9.8816298e+01   3.3929681e+01   7.6481680e+01   8.2138322e+01   8.1738795e+01
  -1.3570907e+02  -9.7675446e+01   3.5881435e+01   8.3932902e+01   8.2438071e+01   8.2104687e+01
  -1.3575636e+02  -9.6390096e+01   3.7838053e+01   8.3567478e+01   8.4049908e+01   8.3986686e+01
  -1.3157391e+02  -9.5452109e+01   4.0728736e+01   8.1398985e+01   8.3946328e+01   8.5274429e+01
  -1.3113814e+02  -9.4815605e+01   4.1838936e+01   8.4474337e+01   8.5933859e+01   8.6572254e+01
  -1.2967118e+02  -9.4304756e+01   4.3878600e+01   8.5028327e+01   8.6095933e+01   8.7975447e+01
  -1.2868476e+02  -9.3741776e+01   4.5392157e+01   8.5671791e+01   8.8420201e+01   8.7058994e+01
  -1.2697637e+02  -9.2751912e+01   4.7327377e+01   8.6463553e+01   8.5942957e+01   8.8188712e+01
  -1.2517391e+02  -9.1940286e+01   4.9081419e+01   8.7161627e+01   8.7768410e+01   8.8708317e+01
  -1.2370180e+02  -9.1383414e+01   5.0678120e+01   8.7941871e+01   8.7918463e+01   9.0256761e+01
  -1.2222024e+02  -9.0787286e+01   5.2298280e+01   8.8703822e+01   8.9543813e+01   8.8834473e+01
  -1.2062564e+02  -9.0280177e+01   5.3955323e+01   8.9413027e+01   9.0927014e+01   8.9829607e+01
  -1.1902388e+02  -8.9710908e+01   5.5894716e+01   8.9966914e+01   9.1567292e+01   8.9854255e+01
  -1.1753196e+02  -8.9131698e+01   5.7077326e+01   9.0774288e+01   9.0521416e+01   9.1731634e+01
  -1.1683509e+02  -9.0273677e+01   5.8423572e+01   9.2278670e+01   9.1303195e+01   9.2396232e+01
  -1.1515435e+02  -8.9565575e+01   6.0243954e+01   9.2264973e+01   9.2385205e+01   9.3126095e+01
  -1.1399412e+02  -8.7940585e+01   6.1656432e+01   9.2329053e+01   9.3255999e+01   9.2235448e+01
  -1.1243011e+02  -8.6706055e+01   6.2558911e+01   9.3216092e+01   9.2232712e+01   9.3773854e+01
  -1.1081170e+02  -8.6092314e+01   6.3549985e+01   9.3918624e+01   9.3821483e+01   9.4350609e+01
  -1.0958924e+02  -8.7294461e+01   6.5144186e+01   9.5105491e+01   9.4525626e+01   9.2674052e+01
  -1.0894420e+02  -8.6866385e+01   6.5637969e+01   9.6020501e+01   9.4752432e+01   9.4670282e+01
  -1.0770096e+02  -8.6488174e+01   6.5897192e+01   1.0725541e+02   9.3817684e+01   9.4404716e+01
  -1.0613624e+02  -8.5323496e+01   6.5350993e+01   1.2987674e+02   9.4835138e+01   9.4833682e+01
  -1.0488702e+02  -8.5173445e+01   6.8679667e+01   2.6944155e+02   9.5165520e+01   9.5375452e+01
  -1.0439205e+02  -8.5397447e+01   6.6403762e+01   2.7071691e+02   9.5462354e+01   9.5799311e+01
  -1.0345421e+02  -8.4763659e+01   6.6840014e+01   2.7273153e+02   9.5764546e+01   9.5751734e+01
  -1.0468561e+02  -8.5280608e+01   5.4666723e+01   2.7256395e+02   9.6086186e+01   9.5950398e+01
  -1.0049532e+02  -8.4956517e+01   3.1205721e+00   2.7340339e+02   9.6351044e+01   9.7082810e+01
  -1.0041489e+02  -8.5766346e+01  -6.8603379e+01   2.7359400e+02   9.6650939e+01   9.7375685e+01
  -1.0013700e+02  -8.3745863e+01  -7.9342847e+01   2.7423765e+02   9.6868482e+01   9.7269212e+01
  -9.8551353e+01  -8.3640768e+01  -9.2386156e+01   2.7401588e+02   9.7027515e+01   9.7603459e+01
  -9.8570963e+01  -8.4006226e+01  -9.3714270e+01   2.7458047e+02   9.7344336e+01   9.7023051e+01
  -9.8025795e+01  -8.3527583e+01  -9.3147476e+01   2.7483700e+02   9.7606498e+01   9.7090421e+01
  -9.6375367e+01  -8.3726578e+01  -9.4023191e+01   2.7515222e+02   9.7884224e+01   9.7530148e+01
  -9.5364900e+01  -8.3967743e+01  -9.2597637e+01   2.7528367e+02   9.8104244e+01   9.7703017e+01
  -9.4722020e+01  -8.4100132e+01  -9.3183074e+01   2.7345938e+02   9.8395674e+01   9.7840413e+01
  -9.4861436e+01  -8.3604220e+01  -9.2741111e+01   2.8053938e+02   9.8681865e+01   9.8033448e+01
  -9.5210818e+01  -8.3366042e+01  -9.2800324e+01   2.7455416e+02   9.8914821e+01   9.8095569e+01
  -9.2443553e+01  -8.3589241e+01  -9.1911910e+01   2.7740094e+02   9.9319819e+01   9.8315279e+01
  -9.2441438e+01  -8.3756303e+01  -9.1647856e+01   2.7105628e+02   9.9470560e+01   9.8307952e+01
  -9.2950126e+01  -8.2824730e+01  -9.1547542e+01   2.7136320e+02   1.0002553e+02   9.8519223e+01
  -9.2278146e+01  -8.2607235e+01  -9.4449474e+01   2.8161521e+02   1.0141171e+02   9.9099185e+01
  -9.1428566e+01  -8.3007060e+01  -9.0295584e+01   2.8362135e+02   9.3072227e+01   9.3039541e+01
  -9.0636261e+01  -8.2844690e+01  -9.0477130e+01   2.7811219e+02   1.0111497e+02   9.8886963e+01
  -8.9642855e+01  -8.5019041e+01  -9.6909827e+01   2.7645948e+02   1.0198990e+02   9.9229913e+01
  -8.9533611e+01  -8.3846897e+01  -9.2703652e+01   2.7584673e+02   1.0425760e+02   9.9294629e+01
  -8.9313537e+01  -8.3378878e+01  -8.1821842e+01   2.7653159e+02   1.0613384e+02   9.9645250e+01
  -8.8304559e+01  -8.3131486e+01  -8.8640296e+01   2.7691951e+02   1.0920462e+02   9.9910656e+01
  -8.8088995e+01  -8.4608387e+01  -8.3364105e+01   2.7658619e+02   1.1861670e+02   1.0035344e+02
  -8.7285029e+01  -8.3899928e+01  -8.9643996e+01   2.7689418e+02   1.7520386e+02   1.0081370e+02
  -8.7824995e+01  -8.3809391e+01  -8.6471623e+01   2.7546781e+02   2.5175580e+02   1.0138591e+02
  -8.7790702e+01  -8.4457368e+01  -8.9278415e+01   2.7536361e+02   2.5829872e+02   1.0195902e+02
  -8.7318915e+01  -8.4594414e+01  -8.5598677e+01   2.7376928e+02   2.6303835e+02   1.0304659e+02
  -8.6751892e+01  -8.4284160e+01  -8.6123037e+01   2.7494654e+02   2.6672808e+02   1.0449251e+02
  -8.6396292e+01  -8.4531414e+01  -8.9053807e+01   2.7481794e+02   2.6885711e+02   1.0762927e+02
  -8.6538277e+01  -8.5146096e+01  -8.6471411e+01   2.7390641e+02   2.6922854e+02   1.1083787e+02
  -8.6292853e+01  -8.4786509e+01  -8.6298203e+01   2.7436618e+02   2.6985140e+02   1.2097609e+02
  -8.6340932e+01  -8.4309255e+01  -8.6319663e+01   2.7441760e+02   2.7035440e+02   1.3408077e+02
  -8.6129356e+01  -8.4885043e+01  -8.6793261e+01   2.7373078e+02   2.7069955e+02   1.5301633e+02
  -8.5247609e+01  -8.4822083e+01  -8.6829078e+01   2.7485988e+02   2.7094155e+02   2.2743614e+02
  -8.5177672e+01  -8.5247778e+01  -8.6037437e+01   2.7443474e+02   2.7134874e+02   2.4844577e+02
  -8.5664626e+01  -8.5144683e+01  -8.3397524e+01   2.7408352e+02   2.7123524e+02   2.5675108e+02
  -8.5635446e+01  -8.5491998e+01  -8.4857340e+01   2.7418951e+02   2.7146177e+02   2.6080831e+02
  -8.4861510e+01  -8.5858993e+01  -8.4195483e+01   2.7371194e+02   2.7183967e+02   2.6361147e+02
  -8.4481751e+01  -8.5669951e+01  -8.4545944e+01   2.7379963e+02   2.7053266e+02   2.6573117e+02
  -8.5143066e+01  -8.6463243e+01  -8.4499951e+01   2.7331876e+02   2.7179159e+02   2.6786442e+02
  -8.4313166e+01  -8.6205010e+01  -8.4208460e+01   2.7306619e+02   2.7144689e+02   2.6887003e+02
  -8.4201571e+01  -8.6405552e+01  -8.4748020e+01   2.7364732e+02   2.7148053e+02   2.6858529e+02
  -8.4384208e+01  -8.6438464e+01  -8.5025283e+01   2.7318708e+02   2.7125114e+02   2.6815824e+02
  -8.3760846e+01  -8.6994050e+01  -8.5798312e+01   2.7248241e+02   2.7141362e+02   2.6941541e+02
  -8.4156465e+01  -8.7184237e+01  -8.3516201e+01   2.7268654e+02   2.7070658e+02   2.6953150e+02
  -8.4424617e+01  -8.7555218e+01  -8.3821591e+01   2.7179246e+02   2.7123892e+02   2.6837096e+02
  -8.4104112e+01  -8.7026818e+01  -8.5016488e+01   2.7196991e+02   2.7015850e+02   2.6855599e+02
  -8.3823711e+01  -8.7867886e+01  -8.4726179e+01   2.7171460e+02   2.7021119e+02   2.6833945e+02
  -8.3849818e+01  -8.7693509e+01  -8.2811730e+01   2.7159467e+02   2.7045181e+02   2.6790901e+02
  -8.3714112e+01  -8.8256725e+01  -8.5135923e+01   2.7178885e+02   2.7037005e+02   2.6984776e+02
  -8.4307463e+01  -8.8391381e+01  -8.3697997e+01   2.7153407e+02   2.6979025e+02   2.6820326e+02
  -8.3450081e+01  -8.8616710e+01  -8.2349696e+01   2.7023344e+02   2.6984727e+02   2.6841086e+02
  -8.3497683e+01  -8.8574193e+01  -8.3475477e+01   2.7113146e+02   2.6999511e+02   2.6844550e+02
  -8.3699615e+01  -8.9068152e+01  -8.3179349e+01   2.7092478e+02   2.6937865e+02   2.6743489e+02
  -8.3583075e+01  -8.8841239e+01  -8.3096349e+01   2.7076867e+02   2.6953220e+02   2.6745429e+02
  -8.3075159e+01  -8.9201512e+01  -8.4290926e+01   2.7038075e+02   2.6991847e+02   2.6759135e+02
  -8.3419095e+01  -8.9845292e+01  -8.5728514e+01   2.6995719e+02   2.6937358e+02   2.6758561e+02
  -8.3801666e+01  -8.9898985e+01  -8.5103694e+01   2.6993379e+02   2.6915031e+02   2.6877765e+02
  -8.3657753e+01  -9.0003440e+01  -8.1826370e+01   2.6977119e+02   2.6941342e+02   2.6743756e+02
  -8.3929910e+01  -9.0150476e+01  -8.0476642e+01   2.6887467e+02   2.6835728e+02   2.6795290e+02
  -8.3256916e+01  -9.0634887e+01  -8.1767736e+01   2.6886297e+02   2.6830278e+02   2.6701277e+02
  -8.3567383e+01  -9.0765355e+01  -8.4660070e+01   2.6919573e+02   2.6836382e+02   2.6747269e+02
  -8.3880415e+01  -9.0807518e+01  -8.4292451e+01   2.6856180e+02   2.6773668e+02   2.6719120e+02
  -8.3373484e+01  -9.1369024e+01  -8.3727371e+01   2.6836873e+02   2.6800952e+02   2.6693384e+02
  -8.3453902e+01  -9.1168922e+01  -8.3783358e+01   2.6865290e+02   2.6757163e+02   2.6680630e+02
  -8.3701521e+01  -9.1611846e+01  -8.4851488e+01   2.6794433e+02   2.6744987e+02   2.6655988e+02
  -8.3598284e+01  -9.1769252e+01  -8.3563299e+01   2.6776563e+02   2.6700614e+02   2.6670320e+02
  -8.3924097e+01  -9.2077035e+01  -8.3809198e+01   2.6745868e+02   2.6674085e+02   2.6658762e+02
  -8.3903457e+01  -9.2291152e+01  -8.3413913e+01   2.6737132e+02   2.6683062e+02   2.6634813e+02
  -8.4021668e+01  -9.2355356e+01  -8.4539129e+01   2.6738495e+02   2.6621976e+02   2.6598139e+02
  -8.3850470e+01  -9.2937771e+01  -8.4316268e+01   2.6714251e+02   2.6681711e+02   2.6570607e+02
  -8.3942319e+01  -9.3177943e+01  -8.4317595e+01   2.6703971e+02   2.6607780e+02   2.6608316e+02
  -8.3923478e+01  -9.3247265e+01  -8.4749253e+01   2.6642972e+02   2.6596882e+02   2.6568132e+02
  -8.4274617e+01  -9.3446786e+01  -8.4983936e+01   2.6622002e+02   2.6576308e+02   2.6516824e+02
  -8.4566211e+01  -9.3604224e+01  -8.4591061e+01   2.6615346e+02   2.6536790e+02   2.6498064e+02
  -8.4399406e+01  -9.3917098e+01  -8.4568463e+01   2.6605884e+02   2.6504009e+02   2.6472793e+02
