   1.0000000e+00   4.1924435e+07   8.6881660e+02  -1.6277672e+02  -1.6557018e+02
   1.0139114e+00   4.0968417e+07   8.2419199e+02  -1.6228960e+02  -1.6508397e+02
   1.0280163e+00   4.0041393e+07   7.8061482e+02  -1.6182164e+02  -1.6461691e+02
   1.0423174e+00   3.9142222e+07   7.3803796e+02  -1.6137227e+02  -1.6416844e+02
   1.0568175e+00   3.8269813e+07   6.9641629e+02  -1.6094097e+02  -1.6373802e+02
   1.0715193e+00   3.7422115e+07   6.5568912e+02  -1.6053141e+02  -1.6332933e+02
   1.0864256e+00   3.6598265e+07   6.1581967e+02  -1.6014281e+02  -1.6294159e+02
   1.1015393e+00   3.5798249e+07   5.7678572e+02  -1.5977082e+02  -1.6257044e+02
   1.1168632e+00   3.5021144e+07   5.3854955e+02  -1.5941500e+02  -1.6221545e+02
   1.1324004e+00   3.4266069e+07   5.0107516e+02  -1.5907493e+02  -1.6187620e+02
   1.1481536e+00   3.3531336e+07   4.6431649e+02  -1.5875473e+02  -1.6155681e+02
   1.1641260e+00   3.2816142e+07   4.2824280e+02  -1.5845429e+02  -1.6125717e+02
   1.1803206e+00   3.2120627e+07   3.9283605e+02  -1.5816849e+02  -1.6097215e+02
   1.1967405e+00   3.1444048e+07   3.5806627e+02  -1.5789700e+02  -1.6070142e+02
   1.2133889e+00   3.0785699e+07   3.2390488e+02  -1.5763948e+02  -1.6044467e+02
   1.2302688e+00   3.0144046e+07   2.9031636e+02  -1.5739940e+02  -1.6020533e+02
   1.2473835e+00   2.9518316e+07   2.5727595e+02  -1.5717726e+02  -1.5998392e+02
   1.2647363e+00   2.8908947e+07   2.2476991e+02  -1.5696823e+02  -1.5977560e+02
   1.2823306e+00   2.8315345e+07   1.9277447e+02  -1.5677203e+02  -1.5958010e+02
   1.3001696e+00   2.7736940e+07   1.6126699e+02  -1.5658842e+02  -1.5939718e+02
   1.3182567e+00   2.7172267e+07   1.3022145e+02  -1.5642199e+02  -1.5923143e+02
   1.3365955e+00   2.6620506e+07   9.9619039e+01  -1.5627441e+02  -1.5908451e+02
   1.3551894e+00   2.6082468e+07   6.9447636e+01  -1.5613873e+02  -1.5894947e+02
   1.3740420e+00   2.5557671e+07   3.9688426e+01  -1.5601471e+02  -1.5882608e+02
   1.3931568e+00   2.5045659e+07   1.0323477e+01  -1.5590216e+02  -1.5871414e+02
   1.4125375e+00   2.4545231e+07   1.8663725e+01  -1.5580438e+02   2.1383033e+01
   1.4321879e+00   2.4055565e+07   4.7285924e+01  -1.5572330e+02   2.1463526e+01
   1.4521116e+00   2.3577497e+07   7.5558203e+01  -1.5565312e+02   2.1533138e+01
   1.4723125e+00   2.3110639e+07   1.0349541e+02  -1.5559366e+02   2.1592044e+01
   1.4927944e+00   2.2654619e+07   1.3111170e+02  -1.5554475e+02   2.1640415e+01
   1.5135612e+00   2.2208460e+07   1.5841610e+02  -1.5551006e+02   2.1674585e+01
   1.5346170e+00   2.1771339e+07   1.8541472e+02  -1.5549270e+02   2.1691440e+01
   1.5559656e+00   2.1344099e+07   2.1212661e+02  -1.5548542e+02   2.1698234e+01
   1.5776113e+00   2.0926426e+07   2.3856341e+02  -1.5548807e+02   2.1695116e+01
   1.5995580e+00   2.0518016e+07   2.6473620e+02  -1.5550050e+02   2.1682229e+01
   1.6218101e+00   2.0117779e+07   2.9064392e+02  -1.5552605e+02   2.1656250e+01
   1.6443717e+00   1.9724574e+07   3.1627891e+02  -1.5556858e+02   2.1613303e+01
   1.6672472e+00   1.9339893e+07   3.4167345e+02  -1.5562049e+02   2.1560993e+01
   1.6904409e+00   1.8963477e+07   3.6683661e+02  -1.5568165e+02   2.1499450e+01
   1.7139573e+00   1.8595077e+07   3.9177696e+02  -1.5575194e+02   2.1428798e+01
   1.7378008e+00   1.8233862e+07   4.1648912e+02  -1.5583448e+02   2.1345916e+01
   1.7619760e+00   1.7878748e+07   4.4095641e+02  -1.5593412e+02   2.1245944e+01
   1.7864876e+00   1.7531041e+07   4.6521837e+02  -1.5604254e+02   2.1137221e+01
   1.8113401e+00   1.7190526e+07   4.8928189e+02  -1.5615961e+02   2.1019863e+01
   1.8365383e+00   1.6856998e+07   5.1315347e+02  -1.5628523e+02   2.0893981e+01
   1.8620871e+00   1.6529682e+07   5.3682045e+02  -1.5642214e+02   2.0756824e+01
   1.8879913e+00   1.6207280e+07   5.6024665e+02  -1.5657600e+02   2.0602733e+01
   1.9142559e+00   1.5891382e+07   5.8349161e+02  -1.5673808e+02   2.0440445e+01
   1.9408859e+00   1.5581812e+07   6.0656043e+02  -1.5690828e+02   2.0270065e+01
   1.9678863e+00   1.5278397e+07   6.2945787e+02  -1.5708648e+02   2.0091696e+01
   1.9952623e+00   1.4980432e+07   6.5216487e+02  -1.5727531e+02   1.9902727e+01
   2.0230192e+00   1.4686392e+07   6.7461879e+02  -1.5748184e+02   1.9696076e+01
   2.0511622e+00   1.4398127e+07   6.9690623e+02  -1.5769608e+02   1.9481742e+01
   2.0796967e+00   1.4115487e+07   7.1903079e+02  -1.5791792e+02   1.9259825e+01
   2.1086281e+00   1.3838330e+07   7.4099578e+02  -1.5814727e+02   1.9030424e+01
   2.1379621e+00   1.3566025e+07   7.6277666e+02  -1.5838625e+02   1.8791416e+01
   2.1677041e+00   1.3296782e+07   7.8427443e+02  -1.5864254e+02   1.8535113e+01
   2.1978599e+00   1.3032725e+07   8.0561240e+02  -1.5890605e+02   1.8271619e+01
   2.2284351e+00   1.2773725e+07   8.2679293e+02  -1.5917668e+02   1.8001032e+01
   2.2594358e+00   1.2519661e+07   8.4781811e+02  -1.5945433e+02   1.7723449e+01
   2.2908677e+00   1.2269992e+07   8.6865985e+02  -1.5974072e+02   1.7437149e+01
   2.3227368e+00   1.2022652e+07   8.8917146e+02  -1.6004441e+02   1.7133577e+01
   2.3550493e+00   1.1780019e+07   9.0952311e+02  -1.6035483e+02   1.6823298e+01
   2.3878113e+00   1.1541984e+07   9.2971609e+02  -1.6067189e+02   1.6506408e+01
   2.4210290e+00   1.1308441e+07   9.4975153e+02  -1.6099548e+02   1.6183005e+01
   2.4547089e+00   1.1078916e+07   9.6959763e+02  -1.6132693e+02   1.5851777e+01
   2.4888573e+00   1.0850857e+07   9.8902749e+02  -1.6167565e+02   1.5503297e+01
   2.5234808e+00   1.0627128e+07   1.0082905e+03  -1.6203063e+02   1.5148595e+01
   2.5585859e+00   1.0407633e+07   1.0273872e+03  -1.6239176e+02   1.4787767e+01
   2.5941794e+00   1.0192281e+07   1.0463179e+03  -1.6275894e+02   1.4420912e+01
   2.6302680e+00   9.9806197e+06   1.0650440e+03  -1.6313307e+02   1.4047147e+01
   2.6668587e+00   9.7688631e+06   1.0831508e+03  -1.6352427e+02   1.3656329e+01
   2.7039584e+00   9.5611781e+06   1.1010752e+03  -1.6392123e+02   1.3259778e+01
   2.7415742e+00   9.3574790e+06   1.1188173e+03  -1.6432386e+02   1.2857596e+01
   2.7797133e+00   9.1576831e+06   1.1363768e+03  -1.6473205e+02   1.2449882e+01
   2.8183829e+00   8.9615735e+06   1.1537361e+03  -1.6514627e+02   1.2036169e+01
   2.8575905e+00   8.7664798e+06   1.1705464e+03  -1.6557744e+02   1.1605532e+01
   2.8973436e+00   8.5751804e+06   1.1871622e+03  -1.6601388e+02   1.1169665e+01
   2.9376497e+00   8.3875988e+06   1.2035829e+03  -1.6645547e+02   1.0728671e+01
   2.9785164e+00   8.2036609e+06   1.2198083e+03  -1.6690212e+02   1.0282653e+01
   3.0199517e+00   8.0232670e+06   1.2358333e+03  -1.6735386e+02   9.8315728e+00
   3.0619634e+00   7.8443042e+06   1.2513311e+03  -1.6782134e+02   9.3647898e+00
   3.1045596e+00   7.6688689e+06   1.2666232e+03  -1.6829357e+02   8.8932935e+00
   3.1477483e+00   7.4968924e+06   1.2817091e+03  -1.6877044e+02   8.4171887e+00
   3.1915379e+00   7.3283083e+06   1.2965882e+03  -1.6925184e+02   7.9365805e+00
   3.2359366e+00   7.1630517e+06   1.3112596e+03  -1.6973768e+02   7.4515747e+00
   3.2809529e+00   7.0004041e+06   1.3255986e+03  -1.7023824e+02   6.9518909e+00
   3.3265955e+00   6.8409760e+06   1.3397232e+03  -1.7074323e+02   6.4478002e+00
   3.3728731e+00   6.6847214e+06   1.3536352e+03  -1.7125234e+02   5.9396315e+00
   3.4197944e+00   6.5315812e+06   1.3673340e+03  -1.7176546e+02   5.4274923e+00
   3.4673685e+00   6.3814981e+06   1.3808187e+03  -1.7228247e+02   4.9114903e+00
   3.5156044e+00   6.2328214e+06   1.3937319e+03  -1.7281278e+02   4.3822351e+00
   3.5645113e+00   6.0870754e+06   1.4064022e+03  -1.7334733e+02   3.8487838e+00
   3.6140986e+00   5.9442991e+06   1.4188493e+03  -1.7388545e+02   3.3117942e+00
   3.6643757e+00   5.8044383e+06   1.4310727e+03  -1.7442704e+02   2.7713752e+00
   3.7153523e+00   5.6674400e+06   1.4430718e+03  -1.7497199e+02   2.2276353e+00
   3.7670380e+00   5.5306725e+06   1.4541677e+03  -1.7552813e+02   1.6727440e+00
   3.8194427e+00   5.3965448e+06   1.4649617e+03  -1.7608818e+02   1.1139792e+00
   3.8725764e+00   5.2652599e+06   1.4755187e+03  -1.7665128e+02   5.5222000e-01
   3.9264494e+00   5.1367650e+06   1.4858389e+03  -1.7721730e+02  -1.2424963e-02
   3.9810717e+00   5.0110090e+06   1.4959220e+03  -1.7778614e+02  -5.7984714e-01
   4.0364539e+00   4.8853949e+06   1.5049838e+03  -1.7836392e+02  -1.1561619e+00
   4.0926066e+00   4.7622013e+06   1.5136892e+03  -1.7894517e+02  -1.7359037e+00
   4.1495404e+00   4.6417390e+06   1.5221475e+03  -1.7952891e+02  -2.3180987e+00
   4.2072663e+00   4.5239560e+06   1.5303592e+03   1.7988495e+02  -2.9026394e+00
   4.2657952e+00   4.4088014e+06   1.5383250e+03   1.7929653e+02  -3.4894189e+00
   4.3251383e+00   4.2946316e+06   1.5454721e+03   1.7870103e+02  -4.0832278e+00
   4.3853070e+00   4.1827869e+06   1.5522631e+03   1.7810255e+02  -4.6799680e+00
   4.4463127e+00   4.0735183e+06   1.5588048e+03   1.7750211e+02  -5.2786297e+00
   4.5081670e+00   3.9667754e+06   1.5650983e+03   1.7689979e+02  -5.8791084e+00
   4.5708819e+00   3.8625089e+06   1.5711450e+03   1.7629572e+02  -6.4813004e+00
   4.6344692e+00   3.7590246e+06   1.5762563e+03   1.7568682e+02  -7.0882660e+00
   4.6989411e+00   3.6576334e+06   1.5809571e+03   1.7507562e+02  -7.6974806e+00
   4.7643099e+00   3.5586806e+06   1.5854106e+03   1.7446297e+02  -8.3081024e+00
   4.8305880e+00   3.4621166e+06   1.5896186e+03   1.7384895e+02  -8.9200316e+00
   4.8977882e+00   3.3678924e+06   1.5935833e+03   1.7323367e+02  -9.5331690e+00
   4.9659232e+00   3.2746960e+06   1.5966905e+03   1.7261542e+02  -1.0149224e+01
   5.0350061e+00   3.1834607e+06   1.5993788e+03   1.7199559e+02  -1.0766812e+01
   5.1050500e+00   3.0945108e+06   1.6018278e+03   1.7137478e+02  -1.1385319e+01
   5.1760683e+00   3.0077977e+06   1.6040403e+03   1.7075309e+02  -1.2004650e+01
   5.2480746e+00   2.9232735e+06   1.6060190e+03   1.7013061e+02  -1.2624712e+01
   5.3210826e+00   2.8394759e+06   1.6069659e+03   1.6950913e+02  -1.3243725e+01
   5.3951062e+00   2.7573790e+06   1.6074064e+03   1.6888762e+02  -1.3862703e+01
   5.4701596e+00   2.6774377e+06   1.6076211e+03   1.6826559e+02  -1.4482142e+01
   5.5462571e+00   2.5996032e+06   1.6076133e+03   1.6764313e+02  -1.5101955e+01
   5.6234133e+00   2.5238278e+06   1.6073868e+03   1.6702031e+02  -1.5722057e+01
   5.7016427e+00   2.4495686e+06   1.6066195e+03   1.6639722e+02  -1.6342379e+01
   5.7809605e+00   2.3771073e+06   1.6055075e+03   1.6577394e+02  -1.6962830e+01
   5.8613816e+00   2.3066068e+06   1.6041882e+03   1.6515055e+02  -1.7583323e+01
   5.9429216e+00   2.2380211e+06   1.6026654e+03   1.6452713e+02  -1.8203779e+01
   6.0255959e+00   2.1713052e+06   1.6009429e+03   1.6390376e+02  -1.8824121e+01
   6.1094202e+00   2.1058913e+06   1.5986273e+03   1.6328302e+02  -1.9441773e+01
   6.1944108e+00   2.0420469e+06   1.5959303e+03   1.6266367e+02  -2.0057961e+01
   6.2805836e+00   1.9799872e+06   1.5930474e+03   1.6204459e+02  -2.0673814e+01
   6.3679552e+00   1.9196685e+06   1.5899827e+03   1.6142585e+02  -2.1289261e+01
   6.4565423e+00   1.8610480e+06   1.5867406e+03   1.6080751e+02  -2.1904235e+01
   6.5463617e+00   1.8035393e+06   1.5828471e+03   1.6019353e+02  -2.2514776e+01
   6.6374307e+00   1.7473845e+06   1.5785205e+03   1.5958226e+02  -2.3122536e+01
   6.7297666e+00   1.6928552e+06   1.5740328e+03   1.5897159e+02  -2.3729629e+01
   6.8233869e+00   1.6399096e+06   1.5693883e+03   1.5836157e+02  -2.4335995e+01
   6.9183097e+00   1.5885069e+06   1.5645915e+03   1.5775226e+02  -2.4941574e+01
   7.0145530e+00   1.5381875e+06   1.5592212e+03   1.5714871e+02  -2.5541327e+01
   7.1121351e+00   1.4890963e+06   1.5534365e+03   1.5654919e+02  -2.6136965e+01
   7.2110748e+00   1.4414729e+06   1.5475175e+03   1.5595055e+02  -2.6731652e+01
   7.3113908e+00   1.3952779e+06   1.5414686e+03   1.5535283e+02  -2.7325335e+01
   7.4131024e+00   1.3504728e+06   1.5352942e+03   1.5475608e+02  -2.7917964e+01
   7.5162289e+00   1.3066900e+06   1.5286125e+03   1.5416637e+02  -2.8503475e+01
   7.6207901e+00   1.2640072e+06   1.5215321e+03   1.5358219e+02  -2.9083374e+01
   7.7268059e+00   1.2226398e+06   1.5143452e+03   1.5299912e+02  -2.9662081e+01
   7.8342964e+00   1.1825512e+06   1.5070562e+03   1.5241720e+02  -3.0239556e+01
   7.9432823e+00   1.1437055e+06   1.4996695e+03   1.5183646e+02  -3.0815756e+01
   8.0537844e+00   1.1058011e+06   1.4918296e+03   1.5126287e+02  -3.1384730e+01
   8.1658237e+00   1.0688687e+06   1.4836000e+03   1.5069557e+02  -3.1947321e+01
   8.2794216e+00   1.0331079e+06   1.4752923e+03   1.5012957e+02  -3.2508528e+01
   8.3945999e+00   9.9848460e+05   1.4669106e+03   1.4956489e+02  -3.3068317e+01
   8.5113804e+00   9.6496559e+05   1.4584590e+03   1.4900157e+02  -3.3626655e+01
   8.6297855e+00   9.3233520e+05   1.4496566e+03   1.4844698e+02  -3.4176168e+01
   8.7498378e+00   9.0058502e+05   1.4405198e+03   1.4790097e+02  -3.4717017e+01
   8.8715601e+00   8.6986789e+05   1.4313320e+03   1.4735639e+02  -3.5256329e+01
   8.9949758e+00   8.4015267e+05   1.4220968e+03   1.4681328e+02  -3.5794080e+01
   9.1201084e+00   8.1140905e+05   1.4128180e+03   1.4627166e+02  -3.6330245e+01
   9.2469817e+00   7.8346392e+05   1.4032422e+03   1.4573870e+02  -3.6857648e+01
   9.3756201e+00   7.5628748e+05   1.3933489e+03   1.4521524e+02  -3.7375443e+01
   9.5060479e+00   7.3001654e+05   1.3834302e+03   1.4469333e+02  -3.7891590e+01
   9.6382902e+00   7.0462291e+05   1.3734897e+03   1.4417299e+02  -3.8406070e+01
   9.7723722e+00   6.8007915e+05   1.3635307e+03   1.4365422e+02  -3.8918867e+01
   9.9083194e+00   6.5625671e+05   1.3533464e+03   1.4314422e+02  -3.9422785e+01
   1.0046158e+01   6.3311310e+05   1.3428867e+03   1.4264501e+02  -3.9930020e+01
   1.0185914e+01   6.1075722e+05   1.3324252e+03   1.4214741e+02  -4.0463944e+01
   1.0327614e+01   5.8916381e+05   1.3219651e+03   1.4165143e+02  -4.0996130e+01
   1.0471285e+01   5.6830834e+05   1.3115092e+03   1.4115709e+02  -4.1526570e+01
   1.0616956e+01   5.4808447e+05   1.3008663e+03   1.4067156e+02  -4.2050005e+01
   1.0764652e+01   5.2844070e+05   1.2899514e+03   1.4019820e+02  -4.2561206e+01
   1.0914403e+01   5.0947938e+05   1.2790569e+03   1.3972649e+02  -4.3070636e+01
   1.1066238e+01   4.9117798e+05   1.2681780e+03   1.3925643e+02  -4.3579692e+01
   1.1220185e+01   4.7351469e+05   1.2573202e+03   1.3878804e+02  -4.4087841e+01
   1.1376273e+01   4.5643251e+05   1.2463924e+03   1.3832826e+02  -4.4587255e+01
   1.1534533e+01   4.3989091e+05   1.2353311e+03   1.3788190e+02  -4.5073701e+01
   1.1694994e+01   4.2393249e+05   1.2243026e+03   1.3743720e+02  -4.5560023e+01
   1.1857687e+01   4.0853760e+05   1.2133133e+03   1.3699416e+02  -4.6044555e+01
   1.2022644e+01   3.9368722e+05   1.2023650e+03   1.3655278e+02  -4.6527298e+01
   1.2189896e+01   3.7932186e+05   1.1913236e+03   1.3611945e+02  -4.7004085e+01
   1.2359474e+01   3.6539019e+05   1.1800783e+03   1.3570030e+02  -4.7466809e+01
   1.2531412e+01   3.5195795e+05   1.1688868e+03   1.3528279e+02  -4.7927750e+01
   1.2705741e+01   3.3900794e+05   1.1577471e+03   1.3486693e+02  -4.8388285e+01
   1.2882496e+01   3.2652351e+05   1.1466613e+03   1.3445271e+02  -4.8848217e+01
   1.3061709e+01   3.1446654e+05   1.1355547e+03   1.3404644e+02  -4.9300055e+01
   1.3243415e+01   3.0279657e+05   1.1243279e+03   1.3365626e+02  -4.9736139e+01
   1.3427650e+01   2.9155053e+05   1.1131606e+03   1.3326769e+02  -5.0172650e+01
   1.3614447e+01   2.8071353e+05   1.1020610e+03   1.3288074e+02  -5.0607410e+01
   1.3803843e+01   2.7027120e+05   1.0910303e+03   1.3249537e+02  -5.1040425e+01
   1.3995873e+01   2.6019603e+05   1.0800084e+03   1.3211924e+02  -5.1466032e+01
   1.4190575e+01   2.5045381e+05   1.0689066e+03   1.3176535e+02  -5.1869680e+01
   1.4387986e+01   2.4106952e+05   1.0578811e+03   1.3141302e+02  -5.2271610e+01
   1.4588143e+01   2.3203043e+05   1.0469255e+03   1.3106224e+02  -5.2673177e+01
   1.4791084e+01   2.2332419e+05   1.0360397e+03   1.3071300e+02  -5.3074603e+01
   1.4996848e+01   2.1492610e+05   1.0251716e+03   1.3036674e+02  -5.3472892e+01
   1.5205475e+01   2.0679863e+05   1.0141881e+03   1.3002666e+02  -5.3865164e+01
   1.5417005e+01   1.9897341e+05   1.0032817e+03   1.2968809e+02  -5.4258646e+01
   1.5631476e+01   1.9143952e+05   9.9246138e+02   1.2935100e+02  -5.4650474e+01
   1.5848932e+01   1.8418637e+05   9.8172774e+02   1.2901538e+02  -5.5040662e+01
   1.6069413e+01   1.7719988e+05   9.7105969e+02   1.2868696e+02  -5.5425695e+01
   1.6292960e+01   1.7045966e+05   9.6039641e+02   1.2838261e+02  -5.5787249e+01
   1.6519618e+01   1.6397204e+05   9.4982300e+02   1.2807968e+02  -5.6147201e+01
   1.6749429e+01   1.5772778e+05   9.3933433e+02   1.2777816e+02  -5.6506750e+01
   1.6982437e+01   1.5171795e+05   9.2892764e+02   1.2747803e+02  -5.6866598e+01
   1.7218686e+01   1.4593068e+05   9.1859102e+02   1.2718344e+02  -5.7220718e+01
   1.7458222e+01   1.4034571e+05   9.0824514e+02   1.2691069e+02  -5.7552916e+01
   1.7701090e+01   1.3497168e+05   8.9798148e+02   1.2663929e+02  -5.7887273e+01
   1.7947336e+01   1.2980077e+05   8.8781148e+02   1.2636920e+02  -5.8220113e+01
   1.8197009e+01   1.2482547e+05   8.7773507e+02   1.2610043e+02  -5.8551450e+01
   1.8450154e+01   1.2003574e+05   8.6772700e+02   1.2583678e+02  -5.8879860e+01
   1.8706821e+01   1.1541051e+05   8.5768357e+02   1.2559894e+02  -5.9183435e+01
   1.8967059e+01   1.1096141e+05   8.4773681e+02   1.2536236e+02  -5.9485555e+01
   1.9230917e+01   1.0668184e+05   8.3788297e+02   1.2512700e+02  -5.9787326e+01
   1.9498446e+01   1.0256545e+05   8.2811770e+02   1.2489287e+02  -6.0090086e+01
   1.9769696e+01   9.8606719e+04   8.1845331e+02   1.2466021e+02  -6.0391151e+01
   2.0044720e+01   9.4804061e+04   8.0892666e+02   1.2443127e+02  -6.0688292e+01
   2.0323570e+01   9.1146476e+04   7.9947200e+02   1.2420348e+02  -6.0987628e+01
   2.0606299e+01   8.7628518e+04   7.9011060e+02   1.2397683e+02  -6.1285781e+01
   2.0892961e+01   8.4244938e+04   7.8084315e+02   1.2375130e+02  -6.1582589e+01
   2.1183611e+01   8.0989808e+04   7.7165855e+02   1.2352923e+02  -6.1878464e+01
   2.1478305e+01   7.7847655e+04   7.6245260e+02   1.2334061e+02  -6.2142531e+01
   2.1777098e+01   7.4826223e+04   7.5334222e+02   1.2315305e+02  -6.2405302e+01
   2.2080047e+01   7.1920937e+04   7.4432338e+02   1.2296654e+02  -6.2667666e+01
   2.2387211e+01   6.9127393e+04   7.3538794e+02   1.2278105e+02  -6.2931610e+01
   2.2698649e+01   6.6441236e+04   7.2654547e+02   1.2259714e+02  -6.3193735e+01
   2.3014418e+01   6.3855361e+04   7.1776131e+02   1.2243041e+02  -6.3438426e+01
   2.3334581e+01   6.1369225e+04   7.0905682e+02   1.2226465e+02  -6.3685866e+01
   2.3659197e+01   5.8979029e+04   7.0044397e+02   1.2209983e+02  -6.3932663e+01
   2.3988329e+01   5.6681116e+04   6.9192413e+02   1.2193594e+02  -6.4178275e+01
   2.4322040e+01   5.4471966e+04   6.8349773e+02   1.2177297e+02  -6.4425124e+01
   2.4660393e+01   5.2354939e+04   6.7525102e+02   1.2163415e+02  -6.4649793e+01
   2.5003454e+01   5.0319496e+04   6.6709313e+02   1.2149620e+02  -6.4873325e+01
   2.5351286e+01   4.8362527e+04   6.5901795e+02   1.2135910e+02  -6.5096560e+01
   2.5703958e+01   4.6481041e+04   6.5100196e+02   1.2122282e+02  -6.5323050e+01
   2.6061535e+01   4.4672155e+04   6.4307359e+02   1.2108736e+02  -6.5548449e+01
   2.6424088e+01   4.2932048e+04   6.3521661e+02   1.2097429e+02  -6.5751173e+01
   2.6791683e+01   4.1259148e+04   6.2743947e+02   1.2086274e+02  -6.5955862e+01
   2.7164393e+01   3.9650920e+04   6.1974684e+02   1.2075194e+02  -6.6160447e+01
   2.7542287e+01   3.8104888e+04   6.1213958e+02   1.2064188e+02  -6.6364001e+01
   2.7925438e+01   3.6618669e+04   6.0460893e+02   1.2053253e+02  -6.6568731e+01
   2.8313920e+01   3.5191150e+04   5.9717238e+02   1.2044862e+02  -6.6750486e+01
   2.8707806e+01   3.3818935e+04   5.8982035e+02   1.2036717e+02  -6.6929471e+01
   2.9107171e+01   3.2499819e+04   5.8254887e+02   1.2028639e+02  -6.7107915e+01
   2.9512092e+01   3.1231766e+04   5.7533960e+02   1.2020624e+02  -6.7290184e+01
   2.9922646e+01   3.0012814e+04   5.6821169e+02   1.2012671e+02  -6.7471507e+01
   3.0338912e+01   2.8838920e+04   5.6112235e+02   1.2008048e+02  -6.7619218e+01
   3.0760968e+01   2.7710364e+04   5.5409967e+02   1.2003850e+02  -6.7766563e+01
   3.1188896e+01   2.6625643e+04   5.4715385e+02   1.1999709e+02  -6.7914611e+01
   3.1622777e+01   2.5583068e+04   5.4028781e+02   1.1995623e+02  -6.8061768e+01
   3.2062693e+01   2.4581014e+04   5.3349227e+02   1.1991590e+02  -6.8210284e+01
   3.2508730e+01   2.3623483e+04   5.2688476e+02   1.1986736e+02  -6.8370551e+01
   3.2960971e+01   2.2703805e+04   5.2037122e+02   1.1981796e+02  -6.8531323e+01
   3.3419504e+01   2.1819661e+04   5.1393120e+02   1.1976905e+02  -6.8691297e+01
   3.3884416e+01   2.0969688e+04   5.0754203e+02   1.1972060e+02  -6.8856858e+01
   3.4355795e+01   2.0152574e+04   5.0122563e+02   1.1967260e+02  -6.9021599e+01
   3.4833732e+01   1.9365497e+04   4.9494134e+02   1.1965004e+02  -6.9160525e+01
   3.5318317e+01   1.8608623e+04   4.8870893e+02   1.1963297e+02  -6.9297598e+01
   3.5809644e+01   1.7881105e+04   4.8254191e+02   1.1961631e+02  -6.9436060e+01
   3.6307805e+01   1.7181811e+04   4.7644636e+02   1.1960003e+02  -6.9573742e+01
   3.6812897e+01   1.6509656e+04   4.7041464e+02   1.1958413e+02  -6.9712106e+01
   3.7325016e+01   1.5868117e+04   4.6456891e+02   1.1958730e+02  -6.9834565e+01
   3.7844258e+01   1.5252413e+04   4.5882282e+02   1.1959556e+02  -6.9951527e+01
   3.8370725e+01   1.4660409e+04   4.5314167e+02   1.1960416e+02  -7.0067743e+01
   3.8904514e+01   1.4091196e+04   4.4751183e+02   1.1961307e+02  -7.0190531e+01
   3.9445730e+01   1.3543904e+04   4.4194493e+02   1.1962230e+02  -7.0313130e+01
   3.9994475e+01   1.3023894e+04   4.3664914e+02   1.1973023e+02  -7.0336592e+01
   4.0550854e+01   1.2525523e+04   4.3145833e+02   1.1986885e+02  -7.0333039e+01
   4.1114972e+01   1.2046056e+04   4.2631146e+02   1.2000775e+02  -7.0331846e+01
   4.1686938e+01   1.1584783e+04   4.2122005e+02   1.2014691e+02  -7.0329941e+01
   4.2266861e+01   1.1141016e+04   4.1617846e+02   1.2028632e+02  -7.0328615e+01
   4.2854852e+01   1.0706346e+04   4.1087551e+02   1.2029013e+02  -7.0467179e+01
   4.3451022e+01   1.0285738e+04   4.0552584e+02   1.2024399e+02  -7.0655226e+01
   4.4055486e+01   9.8815094e+03   4.0023994e+02   1.2019807e+02  -7.0842571e+01
   4.4668359e+01   9.4930264e+03   3.9498636e+02   1.2015238e+02  -7.1037297e+01
   4.5289758e+01   9.1196794e+03   3.8979074e+02   1.2010691e+02  -7.1232697e+01
   4.5919801e+01   8.7674880e+03   3.8494765e+02   1.2015051e+02  -7.1338524e+01
   4.6558609e+01   8.4315366e+03   3.8028025e+02   1.2023305e+02  -7.1408750e+01
   4.7206304e+01   8.1083311e+03   3.7566005e+02   1.2031579e+02  -7.1482162e+01
   4.7863009e+01   7.7973910e+03   3.7109014e+02   1.2039874e+02  -7.1554860e+01
   4.8528850e+01   7.4982538e+03   3.6656352e+02   1.2048188e+02  -7.1627652e+01
   4.9203954e+01   7.2101058e+03   3.6202761e+02   1.2057778e+02  -7.1692262e+01
   4.9888449e+01   6.9327351e+03   3.5753268e+02   1.2068027e+02  -7.1749746e+01
   5.0582466e+01   6.6659222e+03   3.5308772e+02   1.2078297e+02  -7.1806487e+01
   5.1286138e+01   6.4092680e+03   3.4866408e+02   1.2088587e+02  -7.1866905e+01
   5.1999600e+01   6.1623885e+03   3.4428212e+02   1.2098898e+02  -7.1927819e+01
   5.2722986e+01   5.9260683e+03   3.4001564e+02   1.2110039e+02  -7.1979866e+01
   5.3456436e+01   5.6993636e+03   3.3581881e+02   1.2121679e+02  -7.2034348e+01
   5.4200089e+01   5.4812322e+03   3.3164614e+02   1.2133343e+02  -7.2099077e+01
   5.4954087e+01   5.2713523e+03   3.2751950e+02   1.2145031e+02  -7.2162977e+01
   5.5718575e+01   5.0694143e+03   3.2344440e+02   1.2156744e+02  -7.2225829e+01
   5.6493697e+01   4.8769814e+03   3.1962765e+02   1.2169460e+02  -7.2274988e+01
   5.7279603e+01   4.6929816e+03   3.1593213e+02   1.2182869e+02  -7.2316610e+01
   5.8076442e+01   4.5158365e+03   3.1227355e+02   1.2196308e+02  -7.2357313e+01
   5.8884366e+01   4.3452934e+03   3.0855386e+02   1.2209779e+02  -7.2411983e+01
   5.9703529e+01   4.1811087e+03   3.0483183e+02   1.2223284e+02  -7.2471998e+01
   6.0534087e+01   4.0229416e+03   3.0114107e+02   1.2238377e+02  -7.2515486e+01
   6.1376201e+01   3.8706008e+03   2.9742940e+02   1.2254720e+02  -7.2542761e+01
   6.2230029e+01   3.7239540e+03   2.9365638e+02   1.2271105e+02  -7.2563133e+01
   6.3095734e+01   3.5827910e+03   2.8992568e+02   1.2287534e+02  -7.2582392e+01
   6.3973484e+01   3.4469092e+03   2.8623691e+02   1.2304010e+02  -7.2600499e+01
   6.4863443e+01   3.3171725e+03   2.8280052e+02   1.2320555e+02  -7.2639119e+01
   6.5765784e+01   3.1931663e+03   2.7948173e+02   1.2337171e+02  -7.2676668e+01
   6.6680677e+01   3.0737339e+03   2.7619668e+02   1.2353843e+02  -7.2712937e+01
   6.7608298e+01   2.9587092e+03   2.7289193e+02   1.2370576e+02  -7.2749335e+01
   6.8548823e+01   2.8479323e+03   2.6959037e+02   1.2387374e+02  -7.2785228e+01
   6.9502432e+01   2.7415775e+03   2.6635581e+02   1.2406036e+02  -7.2801733e+01
   7.0469307e+01   2.6394671e+03   2.6318188e+02   1.2426612e+02  -7.2802112e+01
   7.1449633e+01   2.5411113e+03   2.6002565e+02   1.2447263e+02  -7.2811237e+01
   7.2443596e+01   2.4463751e+03   2.5690289e+02   1.2467995e+02  -7.2818789e+01
   7.3451387e+01   2.3551279e+03   2.5381346e+02   1.2488811e+02  -7.2824716e+01
   7.4473197e+01   2.2678929e+03   2.5079429e+02   1.2509673e+02  -7.2838682e+01
   7.5509223e+01   2.1845849e+03   2.4788700e+02   1.2530578e+02  -7.2852352e+01
   7.6559661e+01   2.1043028e+03   2.4500988e+02   1.2551580e+02  -7.2864243e+01
   7.7624712e+01   2.0269396e+03   2.4213177e+02   1.2572682e+02  -7.2878154e+01
   7.8704579e+01   1.9523920e+03   2.3925932e+02   1.2593888e+02  -7.2893336e+01
   7.9799469e+01   1.8807491e+03   2.3644195e+02   1.2615719e+02  -7.2901430e+01
   8.0909590e+01   1.8119569e+03   2.3368222e+02   1.2638356e+02  -7.2902385e+01
   8.2035154e+01   1.7456607e+03   2.3093324e+02   1.2661107e+02  -7.2908831e+01
   8.3176377e+01   1.6817727e+03   2.2821476e+02   1.2683974e+02  -7.2913230e+01
   8.4333476e+01   1.6202080e+03   2.2552675e+02   1.2706961e+02  -7.2915549e+01
   8.5506671e+01   1.5610869e+03   2.2285867e+02   1.2730190e+02  -7.2921769e+01
   8.6696188e+01   1.5044148e+03   2.2025759e+02   1.2753731e+02  -7.2925414e+01
   8.7902252e+01   1.4497928e+03   2.1768635e+02   1.2777395e+02  -7.2926905e+01
   8.9125094e+01   1.3971491e+03   2.1512122e+02   1.2801182e+02  -7.2930623e+01
   9.0364947e+01   1.3464143e+03   2.1256046e+02   1.2825090e+02  -7.2937046e+01
   9.1622049e+01   1.2978596e+03   2.1008544e+02   1.2849835e+02  -7.2934144e+01
   9.2896639e+01   1.2516398e+03   2.0773395e+02   1.2875976e+02  -7.2917411e+01
   9.4188960e+01   1.2070693e+03   2.0538854e+02   1.2902234e+02  -7.2907024e+01
   9.5499259e+01   1.1640911e+03   2.0307114e+02   1.2928605e+02  -7.2894504e+01
   9.6827786e+01   1.1226498e+03   2.0078174e+02   1.2955085e+02  -7.2879875e+01
   9.8174794e+01   1.0828566e+03   1.9850985e+02   1.2981239e+02  -7.2872855e+01
   9.9540542e+01   1.0448129e+03   1.9631510e+02   1.3006602e+02  -7.2874446e+01
   1.0092529e+02   1.0081163e+03   1.9414735e+02   1.3032057e+02  -7.2874058e+01
   1.0232930e+02   9.7272016e+02   1.9198843e+02   1.3057597e+02  -7.2874820e+01
   1.0375284e+02   9.3857920e+02   1.8982968e+02   1.3083215e+02  -7.2878377e+01
   1.0519619e+02   9.0573652e+02   1.8771666e+02   1.3109224e+02  -7.2876928e+01
   1.0665961e+02   8.7426065e+02   1.8567233e+02   1.3136074e+02  -7.2866414e+01
   1.0814340e+02   8.4389256e+02   1.8361090e+02   1.3162974e+02  -7.2865592e+01
   1.0964782e+02   8.1459350e+02   1.8157628e+02   1.3189917e+02  -7.2863217e+01
   1.1117317e+02   7.8632593e+02   1.7956824e+02   1.3216890e+02  -7.2859374e+01
   1.1271975e+02   7.5920347e+02   1.7759726e+02   1.3244283e+02  -7.2853324e+01
   1.1428783e+02   7.3344777e+02   1.7574075e+02   1.3272839e+02  -7.2835955e+01
   1.1587774e+02   7.0857968e+02   1.7390787e+02   1.3301393e+02  -7.2817396e+01
   1.1748976e+02   6.8456826e+02   1.7208079e+02   1.3329935e+02  -7.2800708e+01
   1.1912420e+02   6.6138358e+02   1.7024053e+02   1.3358454e+02  -7.2789273e+01
   1.2078138e+02   6.3884312e+02   1.6838366e+02   1.3382066e+02  -7.2825659e+01
   1.2246162e+02   6.1656921e+02   1.6641253e+02   1.3388747e+02  -7.3030091e+01
   1.2416523e+02   5.9508318e+02   1.6443284e+02   1.3395373e+02  -7.3238805e+01
   1.2589254e+02   5.7435647e+02   1.6247925e+02   1.3401935e+02  -7.3447064e+01
   1.2764388e+02   5.5436150e+02   1.6055265e+02   1.3408421e+02  -7.3654756e+01
   1.2941958e+02   5.3538034e+02   1.5871080e+02   1.3422394e+02  -7.3789679e+01
   1.3121999e+02   5.1832841e+02   1.5725767e+02   1.3468502e+02  -7.3604143e+01
   1.3304544e+02   5.0182709e+02   1.5582115e+02   1.3514510e+02  -7.3418244e+01
   1.3489629e+02   4.8585779e+02   1.5439248e+02   1.3560411e+02  -7.3233739e+01
   1.3677288e+02   4.7040256e+02   1.5295426e+02   1.3606199e+02  -7.3054203e+01
   1.3867558e+02   4.5538408e+02   1.5151222e+02   1.3648737e+02  -7.2905756e+01
   1.4060475e+02   4.4053656e+02   1.4997977e+02   1.3674267e+02  -7.2925952e+01
   1.4256076e+02   4.2617663e+02   1.4842040e+02   1.3699670e+02  -7.2950506e+01
   1.4454398e+02   4.1228751e+02   1.4687365e+02   1.3724946e+02  -7.2975455e+01
   1.4655478e+02   3.9885303e+02   1.4534485e+02   1.3750092e+02  -7.3000206e+01
   1.4859356e+02   3.8588184e+02   1.4382123e+02   1.3774983e+02  -7.3027672e+01
   1.5066071e+02   3.7350076e+02   1.4235996e+02   1.3798831e+02  -7.3065528e+01
   1.5275661e+02   3.6151695e+02   1.4091471e+02   1.3822560e+02  -7.3103039e+01
   1.5488166e+02   3.4991714e+02   1.3947708e+02   1.3846177e+02  -7.3140796e+01
   1.5703628e+02   3.3868857e+02   1.3801598e+02   1.3869692e+02  -7.3181351e+01
   1.5922087e+02   3.2782776e+02   1.3657451e+02   1.3893091e+02  -7.3221467e+01
   1.6143586e+02   3.1740032e+02   1.3518556e+02   1.3916140e+02  -7.3263479e+01
   1.6368165e+02   3.0730306e+02   1.3377026e+02   1.3939138e+02  -7.3306062e+01
   1.6595869e+02   2.9752578e+02   1.3236101e+02   1.3962110e+02  -7.3347645e+01
   1.6826741e+02   2.8805889e+02   1.3096760e+02   1.3985085e+02  -7.3387526e+01
   1.7060824e+02   2.7889943e+02   1.2957726e+02   1.4008014e+02  -7.3426961e+01
   1.7298164e+02   2.7013075e+02   1.2823135e+02   1.4029609e+02  -7.3478971e+01
   1.7538805e+02   2.6164162e+02   1.2690265e+02   1.4051308e+02  -7.3528216e+01
   1.7782794e+02   2.5342591e+02   1.2558934e+02   1.4073138e+02  -7.3574584e+01
   1.8030177e+02   2.4547834e+02   1.2426674e+02   1.4095113e+02  -7.3619526e+01
   1.8281002e+02   2.3779600e+02   1.2296776e+02   1.4117212e+02  -7.3661447e+01
   1.8535316e+02   2.3044794e+02   1.2173340e+02   1.4138796e+02  -7.3706698e+01
   1.8793168e+02   2.2335002e+02   1.2049476e+02   1.4160376e+02  -7.3750596e+01
   1.9054607e+02   2.1649706e+02   1.1927380e+02   1.4181800e+02  -7.3794358e+01
   1.9319683e+02   2.0988202e+02   1.1808229e+02   1.4202865e+02  -7.3839852e+01
   1.9588447e+02   2.0349523e+02   1.1690569e+02   1.4223332e+02  -7.3888212e+01
   1.9860949e+02   1.9740379e+02   1.1577935e+02   1.4241843e+02  -7.3952226e+01
   2.0137242e+02   1.9151001e+02   1.1467462e+02   1.4259331e+02  -7.4024540e+01
   2.0417379e+02   1.8579801e+02   1.1358501e+02   1.4275714e+02  -7.4105962e+01
   2.0701413e+02   1.8025388e+02   1.1247156e+02   1.4290993e+02  -7.4196772e+01
   2.0989399e+02   1.7486592e+02   1.1136479e+02   1.4305259e+02  -7.4295732e+01
   2.1281390e+02   1.6966898e+02   1.1029010e+02   1.4317698e+02  -7.4410936e+01
   2.1577444e+02   1.6461252e+02   1.0919353e+02   1.4329388e+02  -7.4530446e+01
   2.1877616e+02   1.5969032e+02   1.0808581e+02   1.4340534e+02  -7.4652744e+01
   2.2181964e+02   1.5489971e+02   1.0698033e+02   1.4351272e+02  -7.4777050e+01
   2.2490546e+02   1.5023874e+02   1.0586892e+02   1.4361707e+02  -7.4900994e+01
   2.2803421e+02   1.4575292e+02   1.0477485e+02   1.4370245e+02  -7.5038777e+01
   2.3120648e+02   1.4139444e+02   1.0368912e+02   1.4378461e+02  -7.5177634e+01
   2.3442288e+02   1.3715732e+02   1.0260981e+02   1.4386532e+02  -7.5315787e+01
   2.3768403e+02   1.3303955e+02   1.0150762e+02   1.4394474e+02  -7.5449661e+01
   2.4099054e+02   1.2903892e+02   1.0041229e+02   1.4402293e+02  -7.5582355e+01
   2.4434306e+02   1.2517269e+02   9.9341935e+01   1.4409227e+02  -7.5721688e+01
   2.4774221e+02   1.2141989e+02   9.8275737e+01   1.4415935e+02  -7.5858259e+01
   2.5118864e+02   1.1777533e+02   9.7214297e+01   1.4422506e+02  -7.5991934e+01
   2.5468303e+02   1.1423634e+02   9.6163148e+01   1.4428934e+02  -7.6124775e+01
   2.5822602e+02   1.1080022e+02   9.5112955e+01   1.4435208e+02  -7.6255756e+01
   2.6181830e+02   1.0748664e+02   9.4060490e+01   1.4439955e+02  -7.6395879e+01
   2.6546056e+02   1.0427293e+02   9.3022487e+01   1.4444296e+02  -7.6537737e+01
   2.6915348e+02   1.0115249e+02   9.1995535e+01   1.4448456e+02  -7.6679040e+01
   2.7289778e+02   9.8122737e+01   9.0957884e+01   1.4452429e+02  -7.6815351e+01
   2.7669416e+02   9.5181156e+01   8.9928356e+01   1.4456206e+02  -7.6950518e+01
   2.8054336e+02   9.2342276e+01   8.8926701e+01   1.4458692e+02  -7.7096194e+01
   2.8444611e+02   8.9589286e+01   8.7928359e+01   1.4460728e+02  -7.7240677e+01
   2.8840315e+02   8.6915993e+01   8.6930237e+01   1.4462551e+02  -7.7381674e+01
   2.9241524e+02   8.4320136e+01   8.5943392e+01   1.4464154e+02  -7.7522398e+01
   2.9648314e+02   8.1799511e+01   8.4964265e+01   1.4465534e+02  -7.7661888e+01
   3.0060763e+02   7.9360380e+01   8.3985455e+01   1.4465911e+02  -7.7803182e+01
   3.0478950e+02   7.6993976e+01   8.3020323e+01   1.4465843e+02  -7.7946403e+01
   3.0902954e+02   7.4695921e+01   8.2066286e+01   1.4465540e+02  -7.8089454e+01
   3.1332857e+02   7.2464266e+01   8.1107040e+01   1.4464996e+02  -7.8226164e+01
   3.1768741e+02   7.0297116e+01   8.0154740e+01   1.4464210e+02  -7.8361082e+01
   3.2210688e+02   6.8205627e+01   7.9228741e+01   1.4462094e+02  -7.8506728e+01
   3.2658783e+02   6.6178406e+01   7.8310576e+01   1.4459370e+02  -7.8652575e+01
   3.3113112e+02   6.4209322e+01   7.7392828e+01   1.4456395e+02  -7.8793983e+01
   3.3573761e+02   6.2296727e+01   7.6485857e+01   1.4453166e+02  -7.8935307e+01
   3.4040819e+02   6.0439022e+01   7.5588247e+01   1.4449682e+02  -7.9076082e+01
   3.4514374e+02   5.8638738e+01   7.4689802e+01   1.4445214e+02  -7.9217891e+01
   3.4994517e+02   5.6891592e+01   7.3804084e+01   1.4440200e+02  -7.9362500e+01
   3.5481339e+02   5.5194470e+01   7.2928889e+01   1.4434924e+02  -7.9507057e+01
   3.5974934e+02   5.3545961e+01   7.2054126e+01   1.4429386e+02  -7.9645530e+01
   3.6475395e+02   5.1944690e+01   7.1185904e+01   1.4423583e+02  -7.9781526e+01
   3.6982818e+02   5.0394723e+01   7.0335696e+01   1.4416514e+02  -7.9927500e+01
   3.7497300e+02   4.8891464e+01   6.9493790e+01   1.4408715e+02  -8.0074890e+01
   3.8018940e+02   4.7431100e+01   6.8652400e+01   1.4400648e+02  -8.0216448e+01
   3.8547836e+02   4.6012429e+01   6.7821211e+01   1.4392312e+02  -8.0357978e+01
   3.9084090e+02   4.4634281e+01   6.7000099e+01   1.4383706e+02  -8.0499484e+01
   3.9627803e+02   4.3297794e+01   6.6179964e+01   1.4374064e+02  -8.0641199e+01
   4.0179081e+02   4.2000639e+01   6.5371669e+01   1.4363739e+02  -8.0786981e+01
   4.0738028e+02   4.0740491e+01   6.4573257e+01   1.4353143e+02  -8.0932745e+01
   4.1304750e+02   3.9516317e+01   6.3777535e+01   1.4342274e+02  -8.1072950e+01
   4.1879357e+02   3.8327111e+01   6.2987639e+01   1.4331134e+02  -8.1209975e+01
   4.2461956e+02   3.7174987e+01   6.2212706e+01   1.4319118e+02  -8.1353023e+01
   4.3052661e+02   3.6057585e+01   6.1447633e+01   1.4306454e+02  -8.1497465e+01
   4.3651583e+02   3.4972012e+01   6.0684636e+01   1.4293519e+02  -8.1635786e+01
   4.4258837e+02   3.3917386e+01   5.9931120e+01   1.4280312e+02  -8.1774098e+01
   4.4874539e+02   3.2892847e+01   5.9186967e+01   1.4266833e+02  -8.1912402e+01
   4.5498806e+02   3.1899112e+01   5.8442432e+01   1.4252463e+02  -8.2049547e+01
   4.6131757e+02   3.0934801e+01   5.7708195e+01   1.4237378e+02  -8.2190485e+01
   4.6773514e+02   2.9997987e+01   5.6983187e+01   1.4222023e+02  -8.2331417e+01
   4.7424199e+02   2.9087911e+01   5.6264631e+01   1.4206400e+02  -8.2467295e+01
   4.8083935e+02   2.8203832e+01   5.5553081e+01   1.4190510e+02  -8.2599206e+01
   4.8752849e+02   2.7346346e+01   5.4853166e+01   1.4173683e+02  -8.2737817e+01
   4.9431069e+02   2.6514407e+01   5.4162513e+01   1.4156041e+02  -8.2880298e+01
   5.0118723e+02   2.5706231e+01   5.3473926e+01   1.4138134e+02  -8.3016309e+01
   5.0815944e+02   2.4921164e+01   5.2794096e+01   1.4119966e+02  -8.3152316e+01
   5.1522864e+02   2.4158570e+01   5.2122911e+01   1.4101538e+02  -8.3288321e+01
   5.2239619e+02   2.3418586e+01   5.1457149e+01   1.4082361e+02  -8.3422218e+01
   5.2966344e+02   2.2700500e+01   5.0800558e+01   1.4062465e+02  -8.3559429e+01
   5.3703180e+02   2.2002997e+01   5.0152347e+01   1.4042315e+02  -8.3696638e+01
   5.4450265e+02   2.1325512e+01   4.9509441e+01   1.4021914e+02  -8.3830145e+01
   5.5207744e+02   2.0667496e+01   4.8871656e+01   1.4001263e+02  -8.3959710e+01
   5.5975760e+02   2.0029139e+01   4.8243832e+01   1.3979918e+02  -8.4093763e+01
   5.6754461e+02   1.9409910e+01   4.7625189e+01   1.3957845e+02  -8.4231712e+01
   5.7543994e+02   1.8808502e+01   4.7009399e+01   1.3935531e+02  -8.4363130e+01
   5.8344510e+02   1.8224429e+01   4.6401571e+01   1.3912980e+02  -8.4494546e+01
   5.9156163e+02   1.7657217e+01   4.5801604e+01   1.3890195e+02  -8.4625961e+01
   5.9979108e+02   1.7106809e+01   4.5208096e+01   1.3866792e+02  -8.4755119e+01
   6.0813500e+02   1.6572809e+01   4.4622869e+01   1.3842683e+02  -8.4887197e+01
   6.1659500e+02   1.6054271e+01   4.4045218e+01   1.3818350e+02  -8.5019275e+01
   6.2517269e+02   1.5550773e+01   4.3472677e+01   1.3793798e+02  -8.5148120e+01
   6.3386971e+02   1.5061904e+01   4.2904189e+01   1.3769031e+02  -8.5272277e+01
   6.4268772e+02   1.4587572e+01   4.2344024e+01   1.3743651e+02  -8.5400463e+01
   6.5162839e+02   1.4127482e+01   4.1792195e+01   1.3717493e+02  -8.5534012e+01
   6.6069345e+02   1.3680811e+01   4.1243355e+01   1.3691133e+02  -8.5660979e+01
   6.6988461e+02   1.3247193e+01   4.0701722e+01   1.3664576e+02  -8.5787945e+01
   6.7920363e+02   1.2826272e+01   4.0167203e+01   1.3637826e+02  -8.5914910e+01
   6.8865230e+02   1.2417913e+01   3.9638354e+01   1.3610584e+02  -8.6040138e+01
   6.9823240e+02   1.2021888e+01   3.9116660e+01   1.3582663e+02  -8.6168196e+01
   7.0794578e+02   1.1637514e+01   3.8601833e+01   1.3554564e+02  -8.6296254e+01
   7.1779429e+02   1.1264473e+01   3.8092957e+01   1.3526295e+02  -8.6422314e+01
   7.2777980e+02   1.0902457e+01   3.7589153e+01   1.3497860e+02  -8.6544356e+01
   7.3790423e+02   1.0551294e+01   3.7092473e+01   1.3468972e+02  -8.6669318e+01
   7.4816950e+02   1.0210793e+01   3.6603217e+01   1.3439380e+02  -8.6799789e+01
   7.5857758e+02   9.8804119e+00   3.6118415e+01   1.3409640e+02  -8.6922408e+01
   7.6913044e+02   9.5598747e+00   3.5639980e+01   1.3379757e+02  -8.7044811e+01
   7.7983011e+02   9.2489118e+00   3.5167883e+01   1.3349739e+02  -8.7167214e+01
   7.9067863e+02   8.9473064e+00   3.4699452e+01   1.3319351e+02  -8.7289359e+01
   8.0167806e+02   8.6548513e+00   3.4235934e+01   1.3288311e+02  -8.7415130e+01
   8.1283052e+02   8.3711944e+00   3.3778608e+01   1.3257154e+02  -8.7540900e+01
   8.2413812e+02   8.0960939e+00   3.3327107e+01   1.3225888e+02  -8.7665207e+01
   8.3560302e+02   7.8293140e+00   3.2880826e+01   1.3194520e+02  -8.7785257e+01
   8.4722741e+02   7.5707195e+00   3.2440926e+01   1.3162846e+02  -8.7907404e+01
   8.5901352e+02   7.3202222e+00   3.2007942e+01   1.3130542e+02  -8.8034971e+01
   8.7096359e+02   7.0773533e+00   3.1578868e+01   1.3098156e+02  -8.8157687e+01
   8.8307990e+02   6.8419015e+00   3.1155335e+01   1.3065696e+02  -8.8279846e+01
   8.9536477e+02   6.6136614e+00   3.0737482e+01   1.3033169e+02  -8.8402005e+01
   9.0782053e+02   6.3924546e+00   3.0324603e+01   1.3000408e+02  -8.8521886e+01
   9.2044957e+02   6.1781284e+00   2.9916967e+01   1.2967057e+02  -8.8643686e+01
   9.3325430e+02   5.9704223e+00   2.9514811e+01   1.2933662e+02  -8.8765485e+01
   9.4623716e+02   5.7691512e+00   2.9117589e+01   1.2900229e+02  -8.8886557e+01
   9.5940063e+02   5.5741348e+00   2.8723593e+01   1.2866766e+02  -8.9004307e+01
   9.7274722e+02   5.3852207e+00   2.8335048e+01   1.2833124e+02  -8.9123614e+01
   9.8627949e+02   5.2022960e+00   2.7952206e+01   1.2798887e+02  -8.9248731e+01
   1.0000000e+03   5.0251054e+00   2.7573877e+01   1.2764641e+02  -8.9370492e+01
   1.0139114e+03   4.8534867e+00   2.7200528e+01   1.2730396e+02  -8.9491521e+01
   1.0280163e+03   4.6872820e+00   2.6832233e+01   1.2696159e+02  -8.9612550e+01
   1.0423174e+03   4.5263566e+00   2.6468469e+01   1.2661826e+02  -8.9732905e+01
   1.0568175e+03   4.3706266e+00   2.6109502e+01   1.2627008e+02  -8.9856286e+01
   1.0715193e+03   4.2198531e+00   2.5755402e+01   1.2592219e+02  -8.9979666e+01
   1.0864256e+03   4.0738938e+00   2.5406058e+01   1.2557468e+02  -9.0102592e+01
   1.1015393e+03   3.9326104e+00   2.5061040e+01   1.2522762e+02  -9.0221581e+01
   1.1168632e+03   3.7958764e+00   2.4720764e+01   1.2488005e+02  -9.0341607e+01
   1.1324004e+03   3.6636003e+00   2.4385435e+01   1.2452691e+02  -9.0467799e+01
   1.1481536e+03   3.5356014e+00   2.4053329e+01   1.2417444e+02  -9.0590011e+01
   1.1641260e+03   3.4117551e+00   2.3725299e+01   1.2382272e+02  -9.0710860e+01
   1.1803206e+03   3.2919399e+00   2.3401742e+01   1.2347181e+02  -9.0831709e+01
   1.1967405e+03   3.1760397e+00   2.3082291e+01   1.2312114e+02  -9.0952524e+01
   1.2133889e+03   3.0639541e+00   2.2766822e+01   1.2276620e+02  -9.1077483e+01
   1.2302688e+03   2.9555523e+00   2.2455664e+01   1.2241229e+02  -9.1202442e+01
   1.2473835e+03   2.8507251e+00   2.2148745e+01   1.2205947e+02  -9.1327288e+01
   1.2647363e+03   2.7493659e+00   2.1845538e+01   1.2170782e+02  -9.1448132e+01
   1.2823306e+03   2.6513747e+00   2.1546511e+01   1.2135688e+02  -9.1569478e+01
   1.3001696e+03   2.5566901e+00   2.1251940e+01   1.2100116e+02  -9.1696908e+01
   1.3182567e+03   2.4651671e+00   2.0960804e+01   1.2064679e+02  -9.1822308e+01
   1.3365955e+03   2.3767100e+00   2.0673367e+01   1.2029384e+02  -9.1946703e+01
   1.3551894e+03   2.2912257e+00   2.0389871e+01   1.1994237e+02  -9.2071098e+01
   1.3740420e+03   2.2086260e+00   2.0109974e+01   1.1959221e+02  -9.2194409e+01
   1.3931568e+03   2.1288706e+00   1.9833709e+01   1.1923843e+02  -9.2320013e+01
   1.4125375e+03   2.0518196e+00   1.9561238e+01   1.1888631e+02  -9.2445617e+01
   1.4321879e+03   1.9773893e+00   1.9292511e+01   1.1853590e+02  -9.2571221e+01
   1.4521116e+03   1.9054988e+00   1.9027245e+01   1.1818726e+02  -9.2698074e+01
   1.4723125e+03   1.8360689e+00   1.8765612e+01   1.1784038e+02  -9.2825049e+01
   1.4927944e+03   1.7690012e+00   1.8507351e+01   1.1748885e+02  -9.2958551e+01
   1.5135612e+03   1.7042442e+00   1.8250361e+01   1.1713925e+02  -9.3088930e+01
   1.5346170e+03   1.6417252e+00   1.7995392e+01   1.1679161e+02  -9.3217164e+01
   1.5559656e+03   1.5813734e+00   1.7743985e+01   1.1644600e+02  -9.3345398e+01
   1.5776113e+03   1.5231199e+00   1.7496550e+01   1.1610245e+02  -9.3473366e+01
   1.5995580e+03   1.4669110e+00   1.7254208e+01   1.1575553e+02  -9.3605949e+01
   1.6218101e+03   1.4126678e+00   1.7015227e+01   1.1541062e+02  -9.3738671e+01
   1.6443717e+03   1.3603268e+00   1.6779555e+01   1.1506790e+02  -9.3871394e+01
   1.6672472e+03   1.3098266e+00   1.6546549e+01   1.1472742e+02  -9.4002736e+01
   1.6904409e+03   1.2611074e+00   1.6316694e+01   1.1438921e+02  -9.4133882e+01
   1.7139573e+03   1.2141098e+00   1.6090013e+01   1.1404771e+02  -9.4270622e+01
   1.7378008e+03   1.1687791e+00   1.5866229e+01   1.1370820e+02  -9.4406683e+01
   1.7619760e+03   1.1250606e+00   1.5645326e+01   1.1337107e+02  -9.4541781e+01
   1.7864876e+03   1.0829012e+00   1.5427499e+01   1.1303635e+02  -9.4676880e+01
   1.8113401e+03   1.0422494e+00   1.5212600e+01   1.1270406e+02  -9.4811823e+01
   1.8365383e+03   1.0030608e+00   1.5000224e+01   1.1236895e+02  -9.4951223e+01
   1.8620871e+03   9.6528111e-01   1.4790821e+01   1.1203580e+02  -9.5091162e+01
   1.8879913e+03   9.2886281e-01   1.4584341e+01   1.1170516e+02  -9.5231101e+01
   1.9142559e+03   8.9376014e-01   1.4380404e+01   1.1137707e+02  -9.5369556e+01
   1.9408859e+03   8.5992874e-01   1.4179235e+01   1.1105153e+02  -9.5507638e+01
   1.9678863e+03   8.2733184e-01   1.3980985e+01   1.1072343e+02  -9.5650881e+01
   1.9952623e+03   7.9592188e-01   1.3785234e+01   1.1039718e+02  -9.5795147e+01
   2.0230192e+03   7.6565751e-01   1.3591864e+01   1.1007355e+02  -9.5939766e+01
   2.0511622e+03   7.3649955e-01   1.3401206e+01   1.0975256e+02  -9.6084385e+01
   2.0796967e+03   7.0841003e-01   1.3213185e+01   1.0943422e+02  -9.6228898e+01
   2.1086281e+03   6.8134897e-01   1.3027322e+01   1.0911354e+02  -9.6377230e+01
   2.1379621e+03   6.5528356e-01   1.2844063e+01   1.0879458e+02  -9.6526516e+01
   2.1677041e+03   6.3017986e-01   1.2663381e+01   1.0847831e+02  -9.6675802e+01
   2.1978599e+03   6.0600441e-01   1.2484925e+01   1.0816474e+02  -9.6824843e+01
   2.2284351e+03   5.8272478e-01   1.2308864e+01   1.0785388e+02  -9.6973789e+01
   2.2594358e+03   5.6030972e-01   1.2135289e+01   1.0754106e+02  -9.7127409e+01
   2.2908677e+03   5.3872874e-01   1.1963903e+01   1.0722983e+02  -9.7282255e+01
   2.3227368e+03   5.1795240e-01   1.1794491e+01   1.0692134e+02  -9.7437282e+01
   2.3550493e+03   4.9795222e-01   1.1627478e+01   1.0661557e+02  -9.7592309e+01
   2.3878113e+03   4.7870069e-01   1.1462826e+01   1.0631254e+02  -9.7747328e+01
   2.4210290e+03   4.6017152e-01   1.1299786e+01   1.0600743e+02  -9.7905825e+01
   2.4547089e+03   4.4233864e-01   1.1139067e+01   1.0570363e+02  -9.8065737e+01
   2.4888573e+03   4.2517702e-01   1.0980634e+01   1.0540257e+02  -9.8225650e+01
   2.5234808e+03   4.0866256e-01   1.0824311e+01   1.0510424e+02  -9.8385770e+01
   2.5585859e+03   3.9277196e-01   1.0670137e+01   1.0480864e+02  -9.8546004e+01
   2.5941794e+03   3.7748197e-01   1.0518138e+01   1.0451114e+02  -9.8710863e+01
   2.6302680e+03   3.6277136e-01   1.0368082e+01   1.0421472e+02  -9.8877472e+01
   2.6668587e+03   3.4861934e-01   1.0219641e+01   1.0392102e+02  -9.9044363e+01
   2.7039584e+03   3.3500558e-01   1.0073324e+01   1.0363003e+02  -9.9211255e+01
   2.7415742e+03   3.2191044e-01   9.9291023e+00   1.0334174e+02  -9.9378146e+01
   2.7797133e+03   3.0931554e-01   9.7865988e+00   1.0305168e+02  -9.9550450e+01
   2.8183829e+03   2.9720214e-01   9.6461208e+00   1.0276243e+02  -9.9724693e+01
   2.8575905e+03   2.8555231e-01   9.5076593e+00   1.0247586e+02  -9.9898937e+01
   2.8973436e+03   2.7434895e-01   9.3707791e+00   1.0219196e+02  -1.0007298e+02
   2.9376497e+03   2.6357557e-01   9.2355684e+00   1.0191071e+02  -1.0024689e+02
   2.9785164e+03   2.5321633e-01   9.1023116e+00   1.0162754e+02  -1.0042535e+02
   3.0199517e+03   2.4325583e-01   8.9709153e+00   1.0134476e+02  -1.0060620e+02
   3.0619634e+03   2.3367919e-01   8.8411829e+00   1.0106460e+02  -1.0078758e+02
   3.1045596e+03   2.2447210e-01   8.7133266e+00   1.0078704e+02  -1.0096897e+02
   3.1477483e+03   2.1562076e-01   8.5873194e+00   1.0051208e+02  -1.0115035e+02
   3.1915379e+03   2.0711071e-01   8.4625760e+00   1.0023528e+02  -1.0133653e+02
   3.2359366e+03   1.9892971e-01   8.3395316e+00   9.9958551e+01  -1.0152530e+02
   3.2809529e+03   1.9106605e-01   8.2182761e+00   9.9684364e+01  -1.0171406e+02
   3.3265955e+03   1.8350780e-01   8.0984384e+00   9.9412708e+01  -1.0190305e+02
   3.3728731e+03   1.7624343e-01   7.9800004e+00   9.9143567e+01  -1.0209227e+02
   3.4197944e+03   1.6926141e-01   7.8632753e+00   9.8872591e+01  -1.0228583e+02
   3.4673685e+03   1.6255123e-01   7.7481287e+00   9.8601252e+01  -1.0248250e+02
   3.5156044e+03   1.5610284e-01   7.6339382e+00   9.8332378e+01  -1.0268087e+02
   3.5645113e+03   1.4990630e-01   7.5214306e+00   9.8065951e+01  -1.0287924e+02
   3.6140986e+03   1.4395201e-01   7.4105811e+00   9.7801953e+01  -1.0307761e+02
   3.6643757e+03   1.3822989e-01   7.3010274e+00   9.7536029e+01  -1.0327982e+02
   3.7153523e+03   1.3273134e-01   7.1929772e+00   9.7269227e+01  -1.0348514e+02
   3.7670380e+03   1.2744845e-01   7.0865260e+00   9.7004799e+01  -1.0369047e+02
   3.8194427e+03   1.2237296e-01   6.9815122e+00   9.6742725e+01  -1.0389592e+02
   3.8725764e+03   1.1749689e-01   6.8778656e+00   9.6482988e+01  -1.0410152e+02
   3.9264494e+03   1.1281138e-01   6.7756845e+00   9.6221413e+01  -1.0431129e+02
   3.9810717e+03   1.0830934e-01   6.6749180e+00   9.5958543e+01  -1.0452477e+02
   4.0364539e+03   1.0398475e-01   6.5750108e+00   9.5697951e+01  -1.0474035e+02
   4.0926066e+03   9.9830753e-02   6.4765990e+00   9.5439616e+01  -1.0495592e+02
   4.1495404e+03   9.5840757e-02   6.3796602e+00   9.5183519e+01  -1.0517150e+02
   4.2072663e+03   9.2007974e-02   6.2836791e+00   9.4925549e+01  -1.0539113e+02
   4.2657952e+03   8.8326347e-02   6.1889183e+00   9.4665729e+01  -1.0561480e+02
   4.3251383e+03   8.4790440e-02   6.0955865e+00   9.4408085e+01  -1.0583847e+02
   4.3853070e+03   8.1394586e-02   6.0034770e+00   9.4152598e+01  -1.0606188e+02
   4.4463127e+03   7.8133335e-02   5.9124086e+00   9.3899247e+01  -1.0628478e+02
   4.5081670e+03   7.5000721e-02   5.8226659e+00   9.3644017e+01  -1.0651167e+02
   4.5708819e+03   7.1991692e-02   5.7342229e+00   9.3386357e+01  -1.0674309e+02
   4.6344692e+03   6.9102235e-02   5.6461864e+00   9.3130772e+01  -1.0697481e+02
   4.6989411e+03   6.6327674e-02   5.5594861e+00   9.2877241e+01  -1.0720653e+02
   4.7643099e+03   6.3663507e-02   5.4741171e+00   9.2625744e+01  -1.0743825e+02
   4.8305880e+03   6.1104758e-02   5.3898419e+00   9.2372468e+01  -1.0767512e+02
   4.8977882e+03   5.8647155e-02   5.3066964e+00   9.2116264e+01  -1.0791771e+02
   4.9659232e+03   5.6287571e-02   5.2248334e+00   9.1862031e+01  -1.0816031e+02
   5.0350061e+03   5.4022148e-02   5.1441225e+00   9.1609749e+01  -1.0840221e+02
   5.1050500e+03   5.1847181e-02   5.0643577e+00   9.1359399e+01  -1.0864218e+02
   5.1760683e+03   4.9758648e-02   4.9857841e+00   9.1107178e+01  -1.0888593e+02
   5.2480746e+03   4.7752964e-02   4.9083628e+00   9.0851208e+01  -1.0913532e+02
   5.3210826e+03   4.5827534e-02   4.8315368e+00   9.0597108e+01  -1.0938583e+02
   5.3951062e+03   4.3979185e-02   4.7558524e+00   9.0344858e+01  -1.0963645e+02
   5.4701596e+03   4.2204868e-02   4.6813536e+00   9.0094437e+01  -1.0988708e+02
   5.5462571e+03   4.0501209e-02   4.6076853e+00   8.9842276e+01  -1.1013925e+02
   5.6234133e+03   3.8865139e-02   4.5348597e+00   8.9585799e+01  -1.1039588e+02
   5.7016427e+03   3.7294736e-02   4.4631852e+00   8.9331092e+01  -1.1065252e+02
   5.7809605e+03   3.5787392e-02   4.3925266e+00   8.9078134e+01  -1.1090979e+02
   5.8613816e+03   3.4340601e-02   4.3224965e+00   8.8826907e+01  -1.1116979e+02
   5.9429216e+03   3.2951565e-02   4.2535327e+00   8.8573987e+01  -1.1143320e+02
   6.0255959e+03   3.1617646e-02   4.1855706e+00   8.8315969e+01  -1.1170339e+02
   6.1094202e+03   3.0337424e-02   4.1183664e+00   8.8059622e+01  -1.1197111e+02
   6.1944108e+03   2.9108756e-02   4.0521757e+00   8.7804928e+01  -1.1223832e+02
   6.2805836e+03   2.7929586e-02   3.9870488e+00   8.7551867e+01  -1.1250553e+02
   6.3679552e+03   2.6797671e-02   3.9226918e+00   8.7297149e+01  -1.1277490e+02
   6.4565423e+03   2.5710806e-02   3.8590233e+00   8.7036399e+01  -1.1305067e+02
   6.5463617e+03   2.4667807e-02   3.7963882e+00   8.6777226e+01  -1.1332644e+02
   6.6374307e+03   2.3666918e-02   3.7347128e+00   8.6519611e+01  -1.1360200e+02
   6.7297666e+03   2.2706451e-02   3.6736038e+00   8.6263535e+01  -1.1387589e+02
   6.8233869e+03   2.1784540e-02   3.6134536e+00   8.6005946e+01  -1.1415282e+02
   6.9183097e+03   2.0899242e-02   3.5541773e+00   8.5741501e+01  -1.1443812e+02
   7.0145530e+03   2.0049768e-02   3.4956239e+00   8.5478541e+01  -1.1472178e+02
   7.1121351e+03   1.9234678e-02   3.4379557e+00   8.5217048e+01  -1.1500493e+02
   7.2110748e+03   1.8452591e-02   3.3812389e+00   8.4957004e+01  -1.1528807e+02
   7.3113908e+03   1.7701984e-02   3.3251236e+00   8.4695628e+01  -1.1557190e+02
   7.4131024e+03   1.6981180e-02   3.2693758e+00   8.4426546e+01  -1.1586168e+02
   7.5162289e+03   1.6289616e-02   3.2145627e+00   8.4158861e+01  -1.1615146e+02
   7.6207901e+03   1.5626115e-02   3.1606631e+00   8.3892556e+01  -1.1644135e+02
   7.7268059e+03   1.4989544e-02   3.1075304e+00   8.3627614e+01  -1.1673399e+02
   7.8342964e+03   1.4378660e-02   3.0552577e+00   8.3361458e+01  -1.1702920e+02
   7.9432823e+03   1.3791987e-02   3.0037331e+00   8.3086316e+01  -1.1733472e+02
   8.0537844e+03   1.3229173e-02   2.9529717e+00   8.2812487e+01  -1.1763523e+02
   8.1658237e+03   1.2689254e-02   2.9030191e+00   8.2539955e+01  -1.1793339e+02
   8.2794216e+03   1.2171302e-02   2.8539114e+00   8.2268704e+01  -1.1823154e+02
   8.3945999e+03   1.1674293e-02   2.8054499e+00   8.1996534e+01  -1.1853057e+02
   8.5113804e+03   1.1196856e-02   2.7573315e+00   8.1714573e+01  -1.1883787e+02
   8.6297855e+03   1.0738890e-02   2.7100385e+00   8.1433845e+01  -1.1914516e+02
   8.7498378e+03   1.0299604e-02   2.6635566e+00   8.1154334e+01  -1.1945246e+02
   8.8715601e+03   9.8782398e-03   2.6173893e+00   8.0876025e+01  -1.1975488e+02
   8.9949758e+03   9.4739857e-03   2.5719808e+00   8.0597047e+01  -1.2005896e+02
   9.1201084e+03   9.0857062e-03   2.5272134e+00   8.0306964e+01  -1.2037532e+02
   9.2469817e+03   8.7133009e-03   2.4830986e+00   8.0018038e+01  -1.2068703e+02
   9.3756201e+03   8.3561233e-03   2.4396718e+00   7.9730254e+01  -1.2099569e+02
   9.5060479e+03   8.0135532e-03   2.3970045e+00   7.9443598e+01  -1.2130436e+02
   9.6382902e+03   7.6849388e-03   2.3550686e+00   7.9156592e+01  -1.2161461e+02
   9.7723722e+03   7.3692684e-03   2.3137164e+00   7.8857160e+01  -1.2193881e+02
   9.9083194e+03   7.0665369e-03   2.2730903e+00   7.8558812e+01  -1.2226300e+02
   1.0046158e+04   6.7762159e-03   2.2331776e+00   7.8261536e+01  -1.2258720e+02
   1.0185914e+04   6.4977984e-03   2.1936414e+00   7.7965315e+01  -1.2290630e+02
   1.0327614e+04   6.2307581e-03   2.1547503e+00   7.7669143e+01  -1.2322575e+02
   1.0471285e+04   5.9741134e-03   2.1163510e+00   7.7359402e+01  -1.2355979e+02
   1.0616956e+04   5.7280204e-03   2.0786101e+00   7.7050677e+01  -1.2389028e+02
   1.0764652e+04   5.4920464e-03   2.0415195e+00   7.6742955e+01  -1.2421759e+02
   1.0914403e+04   5.2657766e-03   2.0050906e+00   7.6436224e+01  -1.2454490e+02
   1.1066238e+04   5.0487997e-03   1.9692343e+00   7.6129970e+01  -1.2487129e+02
   1.1220185e+04   4.8403320e-03   1.9335011e+00   7.5808582e+01  -1.2520676e+02
   1.1376273e+04   4.6404582e-03   1.8984164e+00   7.5488145e+01  -1.2554223e+02
   1.1534533e+04   4.4488250e-03   1.8639684e+00   7.5168648e+01  -1.2587770e+02
   1.1694994e+04   4.2650934e-03   1.8301606e+00   7.4850078e+01  -1.2621214e+02
   1.1857687e+04   4.0889385e-03   1.7969697e+00   7.4532423e+01  -1.2654633e+02
   1.2022644e+04   3.9195565e-03   1.7641591e+00   7.4198301e+01  -1.2689790e+02
   1.2189896e+04   3.7571795e-03   1.7318642e+00   7.3865006e+01  -1.2724489e+02
   1.2359474e+04   3.6015202e-03   1.7000614e+00   7.3532590e+01  -1.2758624e+02
   1.2531412e+04   3.4523013e-03   1.6688427e+00   7.3201042e+01  -1.2792759e+02
   1.2705741e+04   3.3092570e-03   1.6381949e+00   7.2870350e+01  -1.2826910e+02
   1.2882496e+04   3.1717038e-03   1.6078698e+00   7.2523055e+01  -1.2862967e+02
   1.3061709e+04   3.0398453e-03   1.5780977e+00   7.2175916e+01  -1.2899093e+02
   1.3243415e+04   2.9134622e-03   1.5488770e+00   7.1829599e+01  -1.2935218e+02
   1.3427650e+04   2.7923275e-03   1.5199778e+00   7.1484094e+01  -1.2970636e+02
   1.3614447e+04   2.6762236e-03   1.4915395e+00   7.1139390e+01  -1.3005797e+02
   1.3803843e+04   2.5645909e-03   1.4634328e+00   7.0777786e+01  -1.3042727e+02
   1.3995873e+04   2.4575840e-03   1.4358666e+00   7.0415606e+01  -1.3079543e+02
   1.4190575e+04   2.3550374e-03   1.4088622e+00   7.0054196e+01  -1.3115945e+02
   1.4387986e+04   2.2567655e-03   1.3823656e+00   6.9693545e+01  -1.3152347e+02
   1.4588143e+04   2.1625904e-03   1.3563667e+00   6.9333643e+01  -1.3188752e+02
   1.4791084e+04   2.0720203e-03   1.3306092e+00   6.8956841e+01  -1.3227116e+02
   1.4996848e+04   1.9852039e-03   1.3053171e+00   6.8578701e+01  -1.3265687e+02
   1.5205475e+04   1.9020218e-03   1.2805058e+00   6.8201280e+01  -1.3304258e+02
   1.5417005e+04   1.8223222e-03   1.2560709e+00   6.7824569e+01  -1.3342370e+02
   1.5631476e+04   1.7459594e-03   1.2320535e+00   6.7448558e+01  -1.3380243e+02
   1.5848932e+04   1.6725310e-03   1.2083054e+00   6.7055078e+01  -1.3419932e+02
   1.6069413e+04   1.6021478e-03   1.1849867e+00   6.6659356e+01  -1.3459595e+02
   1.6292960e+04   1.5347243e-03   1.1621217e+00   6.6264307e+01  -1.3498513e+02
   1.6519618e+04   1.4701360e-03   1.1396978e+00   6.5869921e+01  -1.3537431e+02
   1.6749429e+04   1.4082639e-03   1.1177066e+00   6.5476190e+01  -1.3576349e+02
   1.6982437e+04   1.3487553e-03   1.0957308e+00   6.5065282e+01  -1.3617409e+02
   1.7218686e+04   1.2917121e-03   1.0741339e+00   6.4651297e+01  -1.3658863e+02
   1.7458222e+04   1.2370798e-03   1.0529627e+00   6.4237941e+01  -1.3700317e+02
   1.7701090e+04   1.1847566e-03   1.0322172e+00   6.3825206e+01  -1.3742244e+02
   1.7947336e+04   1.1346452e-03   1.0118865e+00   6.3413083e+01  -1.3784511e+02
   1.8197009e+04   1.0864421e-03   9.9176456e-01   6.2984079e+01  -1.3828526e+02
   1.8450154e+04   1.0402335e-03   9.7169197e-01   6.2551130e+01  -1.3872888e+02
   1.8706821e+04   9.9598906e-04   9.5099089e-01   6.2118768e+01  -1.3916871e+02
   1.8967059e+04   9.5362549e-04   9.3073084e-01   6.1686986e+01  -1.3960854e+02
   1.9230917e+04   9.1306284e-04   9.1090241e-01   6.1255776e+01  -1.4004837e+02
   1.9498446e+04   8.7404581e-04   8.9316971e-01   6.0807798e+01  -1.4050585e+02
   1.9769696e+04   8.3664119e-04   8.7601343e-01   6.0354905e+01  -1.4096884e+02
   2.0044720e+04   8.0083651e-04   8.5918669e-01   5.9902562e+01  -1.4143184e+02
   2.0323570e+04   7.6656340e-04   8.4203245e-01   5.9450760e+01  -1.4189102e+02
   2.0606299e+04   7.3375638e-04   8.2459576e-01   5.8999492e+01  -1.4234645e+02
   2.0892961e+04   7.0220910e-04   8.0735493e-01   5.8531613e+01  -1.4281902e+02
   2.1183611e+04   6.7196576e-04   7.9040397e-01   5.8057795e+01  -1.4329941e+02
   2.1478305e+04   6.4302443e-04   7.7375373e-01   5.7584490e+01  -1.4378779e+02
   2.1777098e+04   6.1532908e-04   7.5745423e-01   5.7111691e+01  -1.4427617e+02
   2.2080047e+04   5.8882612e-04   7.4149808e-01   5.6639391e+01  -1.4476456e+02
   2.2387211e+04   5.6333289e-04   7.2550660e-01   5.6151202e+01  -1.4528144e+02
   2.2698649e+04   5.3888722e-04   7.0973313e-01   5.5656227e+01  -1.4580886e+02
   2.3014418e+04   5.1550198e-04   6.9430260e-01   5.5161731e+01  -1.4633628e+02
   2.3334581e+04   4.9313120e-04   6.7910989e-01   5.4667708e+01  -1.4685944e+02
   2.3659197e+04   4.7173089e-04   6.6412238e-01   5.4174151e+01  -1.4737693e+02
   2.3988329e+04   4.5115583e-04   6.4931717e-01   5.3665064e+01  -1.4791040e+02
   2.4322040e+04   4.3142681e-04   6.3474400e-01   5.3148149e+01  -1.4845228e+02
   2.4660393e+04   4.1256027e-04   6.2020126e-01   5.2631682e+01  -1.4899577e+02
   2.5003454e+04   3.9451853e-04   6.0599171e-01   5.2115657e+01  -1.4953926e+02
   2.5351286e+04   3.7726554e-04   5.9210773e-01   5.1600066e+01  -1.5008275e+02
   2.5703958e+04   3.6067944e-04   5.7814115e-01   5.1069634e+01  -1.5064892e+02
   2.6061535e+04   3.4477222e-04   5.6431879e-01   5.0530466e+01  -1.5122727e+02
   2.6424088e+04   3.2956638e-04   5.5082689e-01   4.9991715e+01  -1.5180561e+02
   2.6791683e+04   3.1503101e-04   5.3753235e-01   4.9453376e+01  -1.5238788e+02
   2.7164393e+04   3.0113655e-04   5.2433438e-01   4.8915443e+01  -1.5297735e+02
   2.7542287e+04   2.8778132e-04   5.1132997e-01   4.8363649e+01  -1.5358109e+02
   2.7925438e+04   2.7496975e-04   4.9856016e-01   4.7802391e+01  -1.5419469e+02
   2.8313920e+04   2.6272840e-04   4.8561113e-01   4.7241523e+01  -1.5479720e+02
   2.8707806e+04   2.5103191e-04   4.7299544e-01   4.6681040e+01  -1.5539964e+02
   2.9107171e+04   2.3985602e-04   4.6070749e-01   4.6120937e+01  -1.5600208e+02
   2.9512092e+04   2.2912122e-04   4.4834183e-01   4.5547023e+01  -1.5660403e+02
   2.9922646e+04   2.1882405e-04   4.3606285e-01   4.4962222e+01  -1.5720881e+02
   3.0338912e+04   2.0898957e-04   4.2412017e-01   4.4377786e+01  -1.5781359e+02
   3.0760968e+04   1.9959699e-04   4.1230235e-01   4.3793709e+01  -1.5841674e+02
   3.1188896e+04   1.9062646e-04   4.0029986e-01   4.3209986e+01  -1.5901561e+02
   3.1622777e+04   1.8201188e-04   3.8854612e-01   4.2614891e+01  -1.5962620e+02
   3.2062693e+04   1.7374562e-04   3.7704872e-01   4.2009483e+01  -1.6024744e+02
   3.2508730e+04   1.6585472e-04   3.6514340e-01   4.1404416e+01  -1.6083684e+02
   3.2960971e+04   1.5832214e-04   3.5354914e-01   4.0799684e+01  -1.6142338e+02
   3.3419504e+04   1.5113161e-04   3.4232303e-01   4.0195283e+01  -1.6200993e+02
   3.3884416e+04   1.4422926e-04   3.3094682e-01   3.9579859e+01  -1.6255376e+02
   3.4355795e+04   1.3760404e-04   3.1954152e-01   3.8952945e+01  -1.6306677e+02
   3.4833732e+04   1.3128310e-04   3.0852928e-01   3.8326349e+01  -1.6357978e+02
   3.5318317e+04   1.2525248e-04   2.9777843e-01   3.7700066e+01  -1.6406241e+02
   3.5809644e+04   1.1949885e-04   2.8694760e-01   3.7074092e+01  -1.6442375e+02
   3.6307805e+04   1.1398164e-04   2.7644317e-01   3.6438354e+01  -1.6479516e+02
   3.6812897e+04   1.0868747e-04   2.6624576e-01   3.5790919e+01  -1.6517857e+02
   3.7325016e+04   1.0363918e-04   2.5559445e-01   3.5143780e+01  -1.6537778e+02
   3.7844258e+04   9.8825339e-05   2.4521960e-01   3.4496933e+01  -1.6554233e+02
   3.8370725e+04   9.4235070e-05   2.3526587e-01   3.3850375e+01  -1.6570687e+02
   3.8904514e+04   8.9835444e-05   2.2534305e-01   3.3195198e+01  -1.6570213e+02
   3.9445730e+04   8.5611843e-05   2.1544073e-01   3.2528134e+01  -1.6551877e+02
   3.9994475e+04   8.1586795e-05   2.0597356e-01   3.1861347e+01  -1.6533540e+02
   4.0550854e+04   7.7750966e-05   1.9689659e-01   3.1194833e+01  -1.6507307e+02
   4.1114972e+04   7.4095463e-05   1.8804570e-01   3.0528589e+01  -1.6425400e+02
   4.1686938e+04   7.0595132e-05   1.7955026e-01   2.9854358e+01  -1.6344318e+02
   4.2266861e+04   6.7235173e-05   1.7137497e-01   2.9167418e+01  -1.6264533e+02
   4.2854852e+04   6.4035118e-05   1.6479894e-01   2.8480737e+01  -1.6130949e+02
   4.3451022e+04   6.0987356e-05   1.5883846e-01   2.7794310e+01  -1.5980883e+02
   4.4055486e+04   5.8084641e-05   1.5309356e-01   2.7108134e+01  -1.5830818e+02
   4.4668359e+04   5.5307101e-05   1.4835268e-01   2.6415924e+01  -1.5664107e+02
   4.5289758e+04   5.2639942e-05   1.4487911e-01   2.5712546e+01  -1.5473349e+02
   4.5919801e+04   5.0101397e-05   1.4148686e-01   2.5009409e+01  -1.5282591e+02
   4.6558609e+04   4.7685263e-05   1.3829800e-01   2.4306509e+01  -1.5091883e+02
   4.7206304e+04   4.5385640e-05   1.3760227e-01   2.3603844e+01  -1.4902160e+02
   4.7863009e+04   4.3187723e-05   1.3688092e-01   2.2895826e+01  -1.4712995e+02
   4.8528850e+04   4.1077782e-05   1.3610221e-01   2.2176236e+01  -1.4525011e+02
   4.9203954e+04   3.9070916e-05   1.3665341e-01   2.1456871e+01  -1.4389779e+02
   4.9888449e+04   3.7162090e-05   1.3781078e-01   2.0737728e+01  -1.4278318e+02
   5.0582466e+04   3.5346515e-05   1.3897795e-01   2.0018804e+01  -1.4166856e+02
   5.1286138e+04   3.3613291e-05   1.4026919e-01   1.9295350e+01  -1.4085951e+02
   5.1999600e+04   3.1950104e-05   1.4179383e-01   1.8560346e+01  -1.4067116e+02
   5.2722986e+04   3.0369206e-05   1.4333505e-01   1.7825552e+01  -1.4048280e+02
   5.3456436e+04   2.8866529e-05   1.4489301e-01   1.7090965e+01  -1.4029445e+02
   5.4200089e+04   2.7438200e-05   1.4602615e-01   1.6356583e+01  -1.4073283e+02
   5.4954087e+04   2.6075962e-05   1.4712948e-01   1.5618434e+01  -1.4119327e+02
   5.5718575e+04   2.4768557e-05   1.4816461e-01   1.4868817e+01  -1.4166538e+02
   5.6493697e+04   2.3526700e-05   1.4910070e-01   1.4119396e+01  -1.4235761e+02
   5.7279603e+04   2.2347106e-05   1.4997528e-01   1.3370169e+01  -1.4318866e+02
   5.8076442e+04   2.1226652e-05   1.5085499e-01   1.2621132e+01  -1.4401971e+02
   5.8884366e+04   2.0159210e-05   1.5127739e-01   1.1869574e+01  -1.4496228e+02
   5.9703529e+04   1.9134796e-05   1.5033629e-01   1.1108594e+01  -1.4623312e+02
   6.0534087e+04   1.8162438e-05   1.4940105e-01   1.0347797e+01  -1.4750397e+02
   6.1376201e+04   1.7239489e-05   1.4847163e-01   9.5871812e+00  -1.4877482e+02
   6.2230029e+04   1.6363440e-05   1.4713048e-01   8.8267431e+00  -1.5001748e+02
   6.3095734e+04   1.5529920e-05   1.4573476e-01   8.0644707e+00  -1.5125888e+02
   6.3973484e+04   1.4730624e-05   1.4427165e-01   7.2935911e+00  -1.5250906e+02
   6.4863443e+04   1.3972465e-05   1.4244971e-01   6.5228824e+00  -1.5376838e+02
   6.5765784e+04   1.3253326e-05   1.4033372e-01   5.7523422e+00  -1.5503556e+02
   6.6680677e+04   1.2571199e-05   1.3824916e-01   4.9819681e+00  -1.5630274e+02
   6.7608298e+04   1.1922813e-05   1.3610445e-01   4.2098505e+00  -1.5757280e+02
   6.8548823e+04   1.1300676e-05   1.3356613e-01   3.4272963e+00  -1.5885798e+02
   6.9502432e+04   1.0711001e-05   1.3107516e-01   2.6449016e+00  -1.6014316e+02
   7.0469307e+04   1.0152095e-05   1.2863064e-01   1.8626641e+00  -1.6142834e+02
   7.1449633e+04   9.6223523e-06   1.2600802e-01   1.0805817e+00  -1.6262483e+02
   7.2443596e+04   9.1194740e-06   1.2338019e-01   2.9762737e-01  -1.6380284e+02
   7.3451387e+04   8.6374132e-06   1.2073081e-01  -4.9278092e-01  -1.6498845e+02
   7.4473197e+04   8.1808338e-06   1.1786255e-01  -1.2830404e+00  -1.6594851e+02
   7.5509223e+04   7.7483890e-06   1.1474843e-01  -2.0731531e+00  -1.6664481e+02
   7.6559661e+04   7.3388030e-06   1.1171658e-01  -2.8631211e+00  -1.6734112e+02
   7.7624712e+04   6.9504508e-06   1.0885242e-01  -3.6535154e+00  -1.6809829e+02
   7.8704579e+04   6.5784016e-06   1.0680101e-01  -4.4498944e+00  -1.6939089e+02
   7.9799469e+04   6.2262673e-06   1.0478825e-01  -5.2461344e+00  -1.7068350e+02
   8.0909590e+04   5.8929820e-06   1.0281343e-01  -6.0422375e+00  -1.7197610e+02
   8.2035154e+04   5.5775368e-06   1.0041312e-01  -6.8382055e+00  -1.7315079e+02
   8.3176377e+04   5.2787782e-06   9.7909787e-02  -7.6344364e+00  -1.7428520e+02
   8.4333476e+04   4.9925452e-06   9.5402424e-02  -8.4378688e+00  -1.7542694e+02
   8.5506671e+04   4.7218325e-06   9.3057827e-02  -9.2411716e+00  -1.7652447e+02
   8.6696188e+04   4.4657985e-06   9.0924724e-02  -1.0044347e+01  -1.7755133e+02
   8.7902252e+04   4.2236474e-06   8.8840517e-02  -1.0847395e+01  -1.7857818e+02
   8.9125094e+04   3.9945754e-06   8.6796600e-02  -1.1650403e+01  -1.7961402e+02
   9.0364947e+04   3.7752250e-06   8.4507406e-02  -1.2457947e+01   1.7901382e+02
   9.1622049e+04   3.5679194e-06   8.2278588e-02  -1.3265370e+01   1.7764166e+02
   9.2896639e+04   3.3719973e-06   8.0108554e-02  -1.4072674e+01   1.7626951e+02
   9.4188960e+04   3.1868336e-06   7.7887195e-02  -1.4879860e+01   1.7514824e+02
   9.5499259e+04   3.0118374e-06   7.5674895e-02  -1.5686930e+01   1.7415200e+02
   9.6827786e+04   2.8445419e-06   7.3476131e-02  -1.6498546e+01   1.7315109e+02
   9.8174794e+04   2.6865091e-06   7.1287154e-02  -1.7310126e+01   1.7214289e+02
   9.9540542e+04   2.5372560e-06   6.9047717e-02  -1.8121595e+01   1.7111852e+02
   1.0092529e+05   2.3962947e-06   6.6878631e-02  -1.8932954e+01   1.7009415e+02
   1.0232930e+05   2.2631647e-06   6.4777685e-02  -1.9744204e+01   1.6906978e+02
   1.0375284e+05   2.1374309e-06   6.2742739e-02  -2.0555348e+01   1.6804542e+02
   1.0519619e+05   2.0186823e-06   6.0771719e-02  -2.1366387e+01   1.6702105e+02
   1.0665961e+05   1.9065310e-06   5.8862618e-02  -2.2177321e+01   1.6599668e+02
   1.0814340e+05   1.8006103e-06   5.7013489e-02  -2.2988153e+01   1.6497231e+02
   1.0964782e+05   1.7005743e-06   5.5222450e-02  -2.3798884e+01   1.6394795e+02
   1.1117317e+05   1.6060958e-06   5.3487675e-02  -2.4609515e+01   1.6292358e+02
   1.1271975e+05   1.5168662e-06   5.1807397e-02  -2.5420048e+01   1.6189921e+02
   1.1428783e+05   1.4325939e-06   5.0179903e-02  -2.6230484e+01   1.6087484e+02
   1.1587774e+05   1.3530034e-06   4.8603536e-02  -2.7040824e+01   1.5985048e+02
   1.1748976e+05   1.2778347e-06   4.7076690e-02  -2.7851070e+01   1.5882611e+02
   1.1912420e+05   1.2068421e-06   4.5597808e-02  -2.8661222e+01   1.5780174e+02
   1.2078138e+05   1.1397937e-06   4.4165385e-02  -2.9471283e+01   1.5677738e+02
   1.2246162e+05   1.0764702e-06   4.2777960e-02  -3.0281254e+01   1.5575301e+02
   1.2416523e+05   1.0166647e-06   4.1434120e-02  -3.1091135e+01   1.5472864e+02
   1.2589254e+05   9.6018181e-07   4.0132496e-02  -3.1900928e+01   1.5370427e+02
   1.2764388e+05   9.0683693e-07   3.8871761e-02  -3.2710634e+01   1.5267991e+02
   1.2941958e+05   8.5645572e-07   3.7650632e-02  -3.3520255e+01   1.5165554e+02
   1.3121999e+05   8.0887352e-07   3.6467863e-02  -3.4329791e+01   1.5063117e+02
   1.3304544e+05   7.6393483e-07   3.5322251e-02  -3.5139244e+01   1.4960680e+02
   1.3489629e+05   7.2149279e-07   3.4212627e-02  -3.5948614e+01   1.4858244e+02
   1.3677288e+05   6.8140870e-07   3.3137861e-02  -3.6757904e+01   1.4755807e+02
   1.3867558e+05   6.4355155e-07   3.2096858e-02  -3.7567113e+01   1.4653370e+02
   1.4060475e+05   6.0779763e-07   3.1088557e-02  -3.8376244e+01   1.4550934e+02
   1.4256076e+05   5.7403008e-07   3.0111932e-02  -3.9185297e+01   1.4448497e+02
   1.4454398e+05   5.4213856e-07   2.9165986e-02  -3.9994273e+01   1.4346060e+02
   1.4655478e+05   5.1201883e-07   2.8249757e-02  -4.0803174e+01   1.4243623e+02
   1.4859356e+05   4.8357246e-07   2.7362310e-02  -4.1612000e+01   1.4141187e+02
   1.5066071e+05   4.5670648e-07   2.6502742e-02  -4.2420752e+01   1.4038750e+02
   1.5275661e+05   4.3133310e-07   2.5670177e-02  -4.3229432e+01   1.3936313e+02
   1.5488166e+05   4.0736939e-07   2.4863766e-02  -4.4038040e+01   1.3833876e+02
   1.5703628e+05   3.8473703e-07   2.4082688e-02  -4.4846578e+01   1.3731440e+02
   1.5922087e+05   3.6336206e-07   2.3326147e-02  -4.5655046e+01   1.3629003e+02
   1.6143586e+05   3.4317462e-07   2.2593372e-02  -4.6463445e+01   1.3526566e+02
   1.6368165e+05   3.2410874e-07   2.1883617e-02  -4.7271777e+01   1.3424130e+02
   1.6595869e+05   3.0610211e-07   2.1196159e-02  -4.8080041e+01   1.3321693e+02
   1.6826741e+05   2.8909587e-07   2.0530296e-02  -4.8888240e+01   1.3219256e+02
   1.7060824e+05   2.7303445e-07   1.9885351e-02  -4.9696374e+01   1.3116819e+02
   1.7298164e+05   2.5786536e-07   1.9260666e-02  -5.0504444e+01   1.3014383e+02
   1.7538805e+05   2.4353902e-07   1.8655606e-02  -5.1312451e+01   1.2911946e+02
   1.7782794e+05   2.3000861e-07   1.8069553e-02  -5.2120395e+01   1.2809509e+02
   1.8030177e+05   2.1722991e-07   1.7501911e-02  -5.2928278e+01   1.2707072e+02
   1.8281002e+05   2.0516117e-07   1.6952100e-02  -5.3736100e+01   1.2604636e+02
   1.8535316e+05   1.9376293e-07   1.6419562e-02  -5.4543862e+01   1.2502199e+02
   1.8793168e+05   1.8299795e-07   1.5903753e-02  -5.5351565e+01   1.2399762e+02
   1.9054607e+05   1.7283104e-07   1.5404147e-02  -5.6159210e+01   1.2297325e+02
   1.9319683e+05   1.6322897e-07   1.4920237e-02  -5.6966798e+01   1.2194889e+02
   1.9588447e+05   1.5416038e-07   1.4451528e-02  -5.7774329e+01   1.2092452e+02
   1.9860949e+05   1.4559560e-07   1.3997543e-02  -5.8581805e+01   1.1990015e+02
   2.0137242e+05   1.3750667e-07   1.3557820e-02  -5.9389225e+01   1.1887579e+02
   2.0417379e+05   1.2986714e-07   1.3131910e-02  -6.0196591e+01   1.1785142e+02
   2.0701413e+05   1.2265203e-07   1.2719380e-02  -6.1003903e+01   1.1682705e+02
   2.0989399e+05   1.1583779e-07   1.2319810e-02  -6.1811163e+01   1.1580268e+02
   2.1281390e+05   1.0940212e-07   1.1932792e-02  -6.2618370e+01   1.1477832e+02
   2.1577444e+05   1.0332400e-07   1.1557931e-02  -6.3425526e+01   1.1375395e+02
   2.1877616e+05   9.7583568e-08   1.1194847e-02  -6.4232632e+01   1.1272958e+02
   2.2181964e+05   9.2162059e-08   1.0843168e-02  -6.5039687e+01   1.1170521e+02
   2.2490546e+05   8.7041755e-08   1.0502538e-02  -6.5846693e+01   1.1068085e+02
   2.2803421e+05   8.2205923e-08   1.0172608e-02  -6.6653651e+01   1.0965648e+02
   2.3120648e+05   7.7638757e-08   9.8530424e-03  -6.7460560e+01   1.0863211e+02
   2.3442288e+05   7.3325332e-08   9.5435159e-03  -6.8267422e+01   1.0760775e+02
   2.3768403e+05   6.9251549e-08   9.2437130e-03  -6.9074238e+01   1.0658338e+02
   2.4099054e+05   6.5404096e-08   8.9533282e-03  -6.9881007e+01   1.0555901e+02
   2.4434306e+05   6.1770399e-08   8.6720656e-03  -7.0687732e+01   1.0453464e+02
   2.4774221e+05   5.8338580e-08   8.3996386e-03  -7.1494411e+01   1.0351028e+02
   2.5118864e+05   5.5097425e-08   8.1357698e-03  -7.2301046e+01   1.0248591e+02
   2.5468303e+05   5.2036341e-08   7.8801902e-03  -7.3107638e+01   1.0146154e+02
   2.5822602e+05   4.9145323e-08   7.6326395e-03  -7.3914187e+01   1.0043717e+02
   2.6181830e+05   4.6414923e-08   7.3928654e-03  -7.4720693e+01   9.9412807e+01
   2.6546056e+05   4.3836217e-08   7.1606237e-03  -7.5527158e+01   9.8388440e+01
   2.6915348e+05   4.1400778e-08   6.9356776e-03  -7.6333582e+01   9.7364072e+01
   2.7289778e+05   3.9100646e-08   6.7177981e-03  -7.7139964e+01   9.6339705e+01
   2.7669416e+05   3.6928304e-08   6.5067632e-03  -7.7946307e+01   9.5315338e+01
   2.8054336e+05   3.4876653e-08   6.3023577e-03  -7.8752611e+01   9.4290971e+01
   2.8444611e+05   3.2938986e-08   6.1043735e-03  -7.9558875e+01   9.3266603e+01
   2.8840315e+05   3.1108971e-08   5.9126088e-03  -8.0365101e+01   9.2242236e+01
   2.9241524e+05   2.9380628e-08   5.7268683e-03  -8.1171289e+01   9.1217869e+01
   2.9648314e+05   2.7748307e-08   5.5469627e-03  -8.1977439e+01   9.0193501e+01
   3.0060763e+05   2.6206674e-08   5.3727087e-03  -8.2783553e+01   8.9169134e+01
   3.0478950e+05   2.4750691e-08   5.2039288e-03  -8.3589630e+01   8.8144767e+01
   3.0902954e+05   2.3375599e-08   5.0404510e-03  -8.4395672e+01   8.7120400e+01
   3.1332857e+05   2.2076903e-08   4.8821087e-03  -8.5201678e+01   8.6096032e+01
   3.1768741e+05   2.0850360e-08   4.7287407e-03  -8.6007649e+01   8.5071665e+01
   3.2210688e+05   1.9691961e-08   4.5801905e-03  -8.6813585e+01   8.4047298e+01
   3.2658783e+05   1.8597920e-08   4.4363070e-03  -8.7619488e+01   8.3022930e+01
   3.3113112e+05   1.7564662e-08   4.2969435e-03  -8.8425357e+01   8.1998563e+01
   3.3573761e+05   1.6588809e-08   4.1619580e-03  -8.9231194e+01   8.0974196e+01
   3.4040819e+05   1.5667172e-08   4.0312130e-03  -9.0036997e+01   7.9949828e+01
   3.4514374e+05   1.4796739e-08   3.9045752e-03  -9.0842769e+01   7.8925461e+01
   3.4994517e+05   1.3974665e-08   3.7819157e-03  -9.1648509e+01   7.7901094e+01
   3.5481339e+05   1.3198264e-08   3.6631094e-03  -9.2454217e+01   7.6876727e+01
   3.5974934e+05   1.2464998e-08   3.5480354e-03  -9.3259895e+01   7.5852359e+01
   3.6475395e+05   1.1772470e-08   3.4365763e-03  -9.4065542e+01   7.4827992e+01
   3.6982818e+05   1.1118418e-08   3.3286187e-03  -9.4871160e+01   7.3803625e+01
   3.7497300e+05   1.0500703e-08   3.2240524e-03  -9.5676748e+01   7.2779257e+01
   3.8018940e+05   9.9173076e-09   3.1227710e-03  -9.6482306e+01   7.1754890e+01
   3.8547836e+05   9.3663240e-09   3.0246713e-03  -9.7287836e+01   7.0730523e+01
   3.9084090e+05   8.8459518e-09   2.9296534e-03  -9.8093338e+01   6.9706155e+01
   3.9627803e+05   8.3544903e-09   2.8376204e-03  -9.8898811e+01   6.8681788e+01
   4.0179081e+05   7.8903332e-09   2.7484785e-03  -9.9704257e+01   6.7657421e+01
   4.0738028e+05   7.4519638e-09   2.6621369e-03  -1.0050968e+02   6.6633054e+01
   4.1304750e+05   7.0379491e-09   2.5785077e-03  -1.0131507e+02   6.5608686e+01
   4.1879357e+05   6.6469361e-09   2.4975057e-03  -1.0212043e+02   6.4584319e+01
   4.2461956e+05   6.2776470e-09   2.4190483e-03  -1.0292577e+02   6.3559952e+01
   4.3052661e+05   5.9288748e-09   2.3430556e-03  -1.0373109e+02   6.2535584e+01
   4.3651583e+05   5.5994795e-09   2.2694501e-03  -1.0453637e+02   6.1511217e+01
   4.4258837e+05   5.2883847e-09   2.1981569e-03  -1.0534164e+02   6.0486850e+01
   4.4874539e+05   4.9945737e-09   2.1291033e-03  -1.0614688e+02   5.9462483e+01
   4.5498806e+05   4.7170861e-09   2.0622190e-03  -1.0695209e+02   5.8438115e+01
   4.6131757e+05   4.4550151e-09   1.9974358e-03  -1.0775728e+02   5.7413748e+01
   4.6773514e+05   4.2075043e-09   1.9346878e-03  -1.0856245e+02   5.6389381e+01
   4.7424199e+05   3.9737445e-09   1.8739109e-03  -1.0936759e+02   5.5365013e+01
   4.8083935e+05   3.7529720e-09   1.8150433e-03  -1.1017271e+02   5.4340646e+01
   4.8752849e+05   3.5444650e-09   1.7580250e-03  -1.1097781e+02   5.3316279e+01
   4.9431069e+05   3.3475423e-09   1.7027978e-03  -1.1178288e+02   5.2291911e+01
   5.0118723e+05   3.1615601e-09   1.6493056e-03  -1.1258793e+02   5.1267544e+01
   5.0815944e+05   2.9859108e-09   1.5974938e-03  -1.1339296e+02   5.0243177e+01
   5.1522864e+05   2.8200201e-09   1.5473097e-03  -1.1419797e+02   4.9218810e+01
   5.2239619e+05   2.6633459e-09   1.4987020e-03  -1.1500296e+02   4.8194442e+01
   5.2966344e+05   2.5153762e-09   1.4516213e-03  -1.1580793e+02   4.7170075e+01
   5.3703180e+05   2.3756274e-09   1.4060196e-03  -1.1661287e+02   4.6145708e+01
   5.4450265e+05   2.2436427e-09   1.3618505e-03  -1.1741780e+02   4.5121340e+01
   5.5207744e+05   2.1189907e-09   1.3190689e-03  -1.1822271e+02   4.4096973e+01
   5.5975760e+05   2.0012642e-09   1.2776313e-03  -1.1902759e+02   4.3072606e+01
   5.6754461e+05   1.8900783e-09   1.2374954e-03  -1.1983246e+02   4.2048239e+01
   5.7543994e+05   1.7850697e-09   1.1986203e-03  -1.2063731e+02   4.1023871e+01
   5.8344510e+05   1.6858951e-09   1.1609665e-03  -1.2144213e+02   3.9999504e+01
   5.9156163e+05   1.5922304e-09   1.1244955e-03  -1.2224694e+02   3.8975137e+01
   5.9979108e+05   1.5037695e-09   1.0891703e-03  -1.2305173e+02   3.7950769e+01
   6.0813500e+05   1.4202233e-09   1.0549547e-03  -1.2385651e+02   3.6926402e+01
   6.1659500e+05   1.3413188e-09   1.0218141e-03  -1.2466126e+02   3.5902035e+01
   6.2517269e+05   1.2667980e-09   9.8971449e-04  -1.2546600e+02   3.4877667e+01
   6.3386971e+05   1.1964175e-09   9.5862330e-04  -1.2627072e+02   3.3853300e+01
   6.4268772e+05   1.1299471e-09   9.2850881e-04  -1.2707542e+02   3.2828933e+01
   6.5162839e+05   1.0671697e-09   8.9934035e-04  -1.2788011e+02   3.1804566e+01
   6.6069345e+05   1.0078800e-09   8.7108820e-04  -1.2868478e+02   3.0780198e+01
   6.6988461e+05   9.5188440e-10   8.4372356e-04  -1.2948943e+02   2.9755831e+01
   6.7920363e+05   8.9899975e-10   8.1721857e-04  -1.3029406e+02   2.8731464e+01
   6.8865230e+05   8.4905327e-10   7.9154622e-04  -1.3109868e+02   2.7707096e+01
   6.9823240e+05   8.0188170e-10   7.6668034e-04  -1.3190329e+02   2.6682729e+01
   7.0794578e+05   7.5733088e-10   7.4259561e-04  -1.3270787e+02   2.5658362e+01
   7.1779429e+05   7.1525521e-10   7.1926748e-04  -1.3351245e+02   2.4633994e+01
   7.2777980e+05   6.7551717e-10   6.9667219e-04  -1.3431700e+02   2.3609627e+01
   7.3790423e+05   6.3798689e-10   6.7478672e-04  -1.3512155e+02   2.2585260e+01
   7.4816950e+05   6.0254171e-10   6.5358876e-04  -1.3592607e+02   2.1560893e+01
   7.5857758e+05   5.6906579e-10   6.3305672e-04  -1.3673059e+02   2.0536525e+01
   7.6913044e+05   5.3744972e-10   6.1316968e-04  -1.3753509e+02   1.9512158e+01
   7.7983011e+05   5.0759017e-10   5.9390738e-04  -1.3833957e+02   1.8487791e+01
   7.9067863e+05   4.7938955e-10   5.7525019e-04  -1.3914404e+02   1.7463423e+01
   8.0167806e+05   4.5275570e-10   5.5717911e-04  -1.3994850e+02   1.6439056e+01
   8.1283052e+05   4.2760156e-10   5.3967571e-04  -1.4075294e+02   1.5414689e+01
   8.2413812e+05   4.0384494e-10   5.2272217e-04  -1.4155737e+02   1.4390322e+01
   8.3560302e+05   3.8140818e-10   5.0630122e-04  -1.4236179e+02   1.3365954e+01
   8.4722741e+05   3.6021796e-10   4.9039612e-04  -1.4316619e+02   1.2341587e+01
   8.5901352e+05   3.4020502e-10   4.7499066e-04  -1.4397058e+02   1.1317220e+01
   8.7096359e+05   3.2130396e-10   4.6006916e-04  -1.4477496e+02   1.0292852e+01
   8.8307990e+05   3.0345300e-10   4.4561641e-04  -1.4557932e+02   9.2684850e+00
   8.9536477e+05   2.8659381e-10   4.3161767e-04  -1.4638367e+02   8.2441177e+00
   9.0782053e+05   2.7067127e-10   4.1805870e-04  -1.4718801e+02   7.2197505e+00
   9.2044957e+05   2.5563335e-10   4.0492568e-04  -1.4799234e+02   6.1953832e+00
   9.3325430e+05   2.4143091e-10   3.9220522e-04  -1.4879666e+02   5.1710159e+00
   9.4623716e+05   2.2801753e-10   3.7988437e-04  -1.4960096e+02   4.1466486e+00
   9.5940063e+05   2.1534936e-10   3.6795056e-04  -1.5040525e+02   3.1222813e+00
   9.7274722e+05   2.0338501e-10   3.5639165e-04  -1.5120954e+02   2.0979140e+00
   9.8627949e+05   1.9208538e-10   3.4519585e-04  -1.5201381e+02   1.0735467e+00
   1.0000000e+06   1.8141353e-10   3.3435176e-04  -1.5281807e+02   4.9179383e-02
