   1.0000000e+00   2.4028905e-17   3.6449206e-17   3.6874815e-17   1.1130184e-17   1.0867832e-16
   1.0139114e+00   2.3863492e-17   3.6198292e-17   3.6620970e-17   1.1053564e-17   1.0793019e-16
   1.0280163e+00   2.3699216e-17   3.5949104e-17   3.6368874e-17   1.0977472e-17   1.0718720e-16
   1.0423174e+00   2.3536072e-17   3.5701633e-17   3.6118512e-17   1.0901904e-17   1.0644933e-16
   1.0568175e+00   2.3374051e-17   3.5455864e-17   3.5869874e-17   1.0826855e-17   1.0571654e-16
   1.0715193e+00   2.3213145e-17   3.5211788e-17   3.5622947e-17   1.0752324e-17   1.0498879e-16
   1.0864256e+00   2.3053347e-17   3.4969392e-17   3.5377721e-17   1.0678305e-17   1.0426605e-16
   1.1015393e+00   2.2894649e-17   3.4728664e-17   3.5134182e-17   1.0604796e-17   1.0354829e-16
   1.1168632e+00   2.2737043e-17   3.4489594e-17   3.4892320e-17   1.0531794e-17   1.0283547e-16
   1.1324004e+00   2.2580522e-17   3.4252169e-17   3.4652123e-17   1.0459293e-17   1.0212755e-16
   1.1481536e+00   2.2425079e-17   3.4016379e-17   3.4413580e-17   1.0387292e-17   1.0142451e-16
   1.1641260e+00   2.2270706e-17   3.3782211e-17   3.4176678e-17   1.0315786e-17   1.0072631e-16
   1.1803206e+00   2.2117396e-17   3.3549656e-17   3.3941408e-17   1.0244773e-17   1.0003292e-16
   1.1967405e+00   2.1965141e-17   3.3318702e-17   3.3707757e-17   1.0174248e-17   9.9344295e-17
   1.2133889e+00   2.1813934e-17   3.3089338e-17   3.3475714e-17   1.0104209e-17   9.8660413e-17
   1.2302688e+00   2.1663768e-17   3.2861552e-17   3.3245269e-17   1.0034652e-17   9.7981240e-17
   1.2473835e+00   2.1514635e-17   3.2635335e-17   3.3016410e-17   9.9655744e-18   9.7306742e-17
   1.2647363e+00   2.1366530e-17   3.2410675e-17   3.2789127e-17   9.8969719e-18   9.6636887e-17
   1.2823306e+00   2.1219443e-17   3.2187562e-17   3.2563408e-17   9.8288416e-18   9.5971643e-17
   1.3001696e+00   2.1073370e-17   3.1965984e-17   3.2339243e-17   9.7611803e-18   9.5310979e-17
   1.3182567e+00   2.0928302e-17   3.1745932e-17   3.2116621e-17   9.6939849e-18   9.4654863e-17
   1.3365955e+00   2.0784232e-17   3.1527394e-17   3.1895532e-17   9.6272519e-18   9.4003263e-17
   1.3551894e+00   2.0641155e-17   3.1310361e-17   3.1675965e-17   9.5609784e-18   9.3356149e-17
   1.3740420e+00   2.0499062e-17   3.1094822e-17   3.1457909e-17   9.4951611e-18   9.2713490e-17
   1.3931568e+00   2.0357947e-17   3.0880767e-17   3.1241354e-17   9.4297969e-18   9.2075255e-17
   1.4125375e+00   2.0217804e-17   3.0668185e-17   3.1026290e-17   9.3648826e-18   9.1441413e-17
   1.4321879e+00   2.0078626e-17   3.0457067e-17   3.0812707e-17   9.3004152e-18   9.0811935e-17
   1.4521116e+00   1.9940406e-17   3.0247402e-17   3.0600593e-17   9.2363916e-18   9.0186790e-17
   1.4723125e+00   1.9803137e-17   3.0039180e-17   3.0389940e-17   9.1728087e-18   8.9565949e-17
   1.4927944e+00   1.9666813e-17   2.9832392e-17   3.0180738e-17   9.1096635e-18   8.8949381e-17
   1.5135612e+00   1.9531428e-17   2.9627027e-17   2.9972975e-17   9.0469531e-18   8.8337058e-17
   1.5346170e+00   1.9396974e-17   2.9423076e-17   2.9766642e-17   8.9846743e-18   8.7728950e-17
   1.5559656e+00   1.9263446e-17   2.9220529e-17   2.9561730e-17   8.9228242e-18   8.7125028e-17
   1.5776113e+00   1.9130838e-17   2.9019376e-17   2.9358229e-17   8.8613999e-18   8.6525263e-17
   1.5995580e+00   1.8999142e-17   2.8819608e-17   2.9156128e-17   8.8003985e-18   8.5929628e-17
   1.6218101e+00   1.8868353e-17   2.8621216e-17   2.8955419e-17   8.7398170e-18   8.5338092e-17
   1.6443717e+00   1.8738464e-17   2.8424189e-17   2.8756091e-17   8.6796525e-18   8.4750629e-17
   1.6672472e+00   1.8609469e-17   2.8228518e-17   2.8558135e-17   8.6199022e-18   8.4167210e-17
   1.6904409e+00   1.8481363e-17   2.8034194e-17   2.8361543e-17   8.5605632e-18   8.3587807e-17
   1.7139573e+00   1.8354138e-17   2.7841208e-17   2.8166303e-17   8.5016327e-18   8.3012392e-17
   1.7378008e+00   1.8227789e-17   2.7649551e-17   2.7972408e-17   8.4431079e-18   8.2440939e-17
   1.7619760e+00   1.8102310e-17   2.7459212e-17   2.7779847e-17   8.3849859e-18   8.1873420e-17
   1.7864876e+00   1.7977694e-17   2.7270184e-17   2.7588612e-17   8.3272641e-18   8.1309807e-17
   1.8113401e+00   1.7853937e-17   2.7082458e-17   2.7398693e-17   8.2699396e-18   8.0750074e-17
   1.8365383e+00   1.7731031e-17   2.6896024e-17   2.7210082e-17   8.2130097e-18   8.0194195e-17
   1.8620871e+00   1.7608971e-17   2.6710873e-17   2.7022769e-17   8.1564718e-18   7.9642142e-17
   1.8879913e+00   1.7487752e-17   2.6526996e-17   2.6836746e-17   8.1003230e-18   7.9093889e-17
   1.9142559e+00   1.7367367e-17   2.6344386e-17   2.6652003e-17   8.0445608e-18   7.8549411e-17
   1.9408859e+00   1.7247811e-17   2.6163032e-17   2.6468532e-17   7.9891824e-18   7.8008680e-17
   1.9678863e+00   1.7129078e-17   2.5982927e-17   2.6286324e-17   7.9341853e-18   7.7471672e-17
   1.9952623e+00   1.7011162e-17   2.5804062e-17   2.6105370e-17   7.8795667e-18   7.6938361e-17
   2.0230192e+00   1.6894058e-17   2.5626428e-17   2.5925662e-17   7.8253242e-18   7.6408721e-17
   2.0511622e+00   1.6777760e-17   2.5450017e-17   2.5747191e-17   7.7714550e-18   7.5882727e-17
   2.0796967e+00   1.6662263e-17   2.5274820e-17   2.5569948e-17   7.7179567e-18   7.5360354e-17
   2.1086281e+00   1.6547561e-17   2.5100830e-17   2.5393926e-17   7.6648266e-18   7.4841577e-17
   2.1379621e+00   1.6433648e-17   2.4928037e-17   2.5219115e-17   7.6120624e-18   7.4326371e-17
   2.1677041e+00   1.6320520e-17   2.4756433e-17   2.5045508e-17   7.5596613e-18   7.3814712e-17
   2.1978599e+00   1.6208170e-17   2.4586011e-17   2.4873096e-17   7.5076209e-18   7.3306575e-17
   2.2284351e+00   1.6096594e-17   2.4416762e-17   2.4701871e-17   7.4559388e-18   7.2801936e-17
   2.2594358e+00   1.5985786e-17   2.4248679e-17   2.4531825e-17   7.4046125e-18   7.2300771e-17
   2.2908677e+00   1.5875740e-17   2.4081752e-17   2.4362949e-17   7.3536395e-18   7.1803056e-17
   2.3227368e+00   1.5766453e-17   2.3915974e-17   2.4195235e-17   7.3030174e-18   7.1308768e-17
   2.3550493e+00   1.5657917e-17   2.3751338e-17   2.4028676e-17   7.2527438e-18   7.0817881e-17
   2.3878113e+00   1.5550129e-17   2.3587835e-17   2.3863264e-17   7.2028163e-18   7.0330375e-17
   2.4210290e+00   1.5443082e-17   2.3425457e-17   2.3698991e-17   7.1532324e-18   6.9846224e-17
   2.4547089e+00   1.5336773e-17   2.3264198e-17   2.3535848e-17   7.1039899e-18   6.9365406e-17
   2.4888573e+00   1.5231195e-17   2.3104048e-17   2.3373828e-17   7.0550864e-18   6.8887898e-17
   2.5234808e+00   1.5126344e-17   2.2945001e-17   2.3212924e-17   7.0065195e-18   6.8413677e-17
   2.5585859e+00   1.5022215e-17   2.2787048e-17   2.3053127e-17   6.9582870e-18   6.7942720e-17
   2.5941794e+00   1.4918803e-17   2.2630184e-17   2.2894431e-17   6.9103865e-18   6.7475006e-17
   2.6302680e+00   1.4816103e-17   2.2474398e-17   2.2736827e-17   6.8628157e-18   6.7010511e-17
   2.6668587e+00   1.4714110e-17   2.2319686e-17   2.2580307e-17   6.8155724e-18   6.6549214e-17
   2.7039584e+00   1.4612818e-17   2.2166038e-17   2.2424866e-17   6.7686544e-18   6.6091092e-17
   2.7415742e+00   1.4512224e-17   2.2013448e-17   2.2270494e-17   6.7220593e-18   6.5636125e-17
   2.7797133e+00   1.4412323e-17   2.1861909e-17   2.2117185e-17   6.6757849e-18   6.5184289e-17
   2.8183829e+00   1.4313109e-17   2.1711412e-17   2.1964931e-17   6.6298292e-18   6.4735563e-17
   2.8575905e+00   1.4214579e-17   2.1561952e-17   2.1813726e-17   6.5841897e-18   6.4289927e-17
   2.8973436e+00   1.4116726e-17   2.1413521e-17   2.1663561e-17   6.5388645e-18   6.3847358e-17
   2.9376497e+00   1.4019547e-17   2.1266111e-17   2.1514430e-17   6.4938513e-18   6.3407836e-17
   2.9785164e+00   1.3923037e-17   2.1119716e-17   2.1366326e-17   6.4491479e-18   6.2971339e-17
   3.0199517e+00   1.3827192e-17   2.0974329e-17   2.1219241e-17   6.4047523e-18   6.2537848e-17
   3.0619634e+00   1.3732006e-17   2.0829943e-17   2.1073169e-17   6.3606623e-18   6.2107340e-17
   3.1045596e+00   1.3637476e-17   2.0686550e-17   2.0928102e-17   6.3168758e-18   6.1679796e-17
   3.1477483e+00   1.3543596e-17   2.0544145e-17   2.0784034e-17   6.2733907e-18   6.1255196e-17
   3.1915379e+00   1.3450362e-17   2.0402720e-17   2.0640958e-17   6.2302050e-18   6.0833518e-17
   3.2359366e+00   1.3357771e-17   2.0262269e-17   2.0498867e-17   6.1873166e-18   6.0414743e-17
   3.2809529e+00   1.3265817e-17   2.0122784e-17   2.0357753e-17   6.1447234e-18   5.9998851e-17
   3.3265955e+00   1.3174495e-17   1.9984260e-17   2.0217612e-17   6.1024234e-18   5.9585821e-17
   3.3728731e+00   1.3083803e-17   1.9846690e-17   2.0078435e-17   6.0604146e-18   5.9175636e-17
   3.4197944e+00   1.2993734e-17   1.9710066e-17   1.9940216e-17   6.0186950e-18   5.8768273e-17
   3.4673685e+00   1.2904286e-17   1.9574383e-17   1.9802948e-17   5.9772626e-18   5.8363715e-17
   3.5156044e+00   1.2815454e-17   1.9439634e-17   1.9666626e-17   5.9361154e-18   5.7961942e-17
   3.5645113e+00   1.2727233e-17   1.9305812e-17   1.9531241e-17   5.8952515e-18   5.7562935e-17
   3.6140986e+00   1.2639619e-17   1.9172912e-17   1.9396789e-17   5.8546689e-18   5.7166675e-17
   3.6643757e+00   1.2552609e-17   1.9040926e-17   1.9263263e-17   5.8143656e-18   5.6773142e-17
   3.7153523e+00   1.2466197e-17   1.8909850e-17   1.9130655e-17   5.7743398e-18   5.6382319e-17
   3.7670380e+00   1.2380380e-17   1.8779675e-17   1.8998961e-17   5.7345895e-18   5.5994185e-17
   3.8194427e+00   1.2295154e-17   1.8650397e-17   1.8868173e-17   5.6951129e-18   5.5608724e-17
   3.8725764e+00   1.2210515e-17   1.8522008e-17   1.8738285e-17   5.6559080e-18   5.5225916e-17
   3.9264494e+00   1.2126459e-17   1.8394504e-17   1.8609292e-17   5.6169730e-18   5.4845744e-17
   3.9810717e+00   1.2042981e-17   1.8267877e-17   1.8481186e-17   5.5783060e-18   5.4468188e-17
   4.0364539e+00   1.1960077e-17   1.8142122e-17   1.8353963e-17   5.5399052e-18   5.4093232e-17
   4.0926066e+00   1.1877745e-17   1.8017232e-17   1.8227615e-17   5.5017688e-18   5.3720857e-17
   4.1495404e+00   1.1795979e-17   1.7893202e-17   1.8102137e-17   5.4638949e-18   5.3351045e-17
   4.2072663e+00   1.1714776e-17   1.7770027e-17   1.7977523e-17   5.4262817e-18   5.2983779e-17
   4.2657952e+00   1.1634132e-17   1.7647699e-17   1.7853766e-17   5.3889275e-18   5.2619041e-17
   4.3251383e+00   1.1554043e-17   1.7526213e-17   1.7730862e-17   5.3518303e-18   5.2256814e-17
   4.3853070e+00   1.1474506e-17   1.7405563e-17   1.7608804e-17   5.3149886e-18   5.1897081e-17
   4.4463127e+00   1.1395516e-17   1.7285744e-17   1.7487585e-17   5.2784005e-18   5.1539824e-17
   4.5081670e+00   1.1317070e-17   1.7166750e-17   1.7367202e-17   5.2420642e-18   5.1185026e-17
   4.5708819e+00   1.1239163e-17   1.7048575e-17   1.7247647e-17   5.2059781e-18   5.0832671e-17
   4.6344692e+00   1.1161794e-17   1.6931213e-17   1.7128915e-17   5.1701404e-18   5.0482742e-17
   4.6989411e+00   1.1084956e-17   1.6814659e-17   1.7011000e-17   5.1345494e-18   5.0135221e-17
   4.7643099e+00   1.1008648e-17   1.6698908e-17   1.6893897e-17   5.0992034e-18   4.9790092e-17
   4.8305880e+00   1.0932865e-17   1.6583954e-17   1.6777601e-17   5.0641007e-18   4.9447340e-17
   4.8977882e+00   1.0857604e-17   1.6469791e-17   1.6662104e-17   5.0292397e-18   4.9106947e-17
   4.9659232e+00   1.0782861e-17   1.6356413e-17   1.6547403e-17   4.9946187e-18   4.8768897e-17
   5.0350061e+00   1.0708632e-17   1.6243817e-17   1.6433492e-17   4.9602360e-18   4.8433174e-17
   5.1050500e+00   1.0634914e-17   1.6131995e-17   1.6320364e-17   4.9260899e-18   4.8099763e-17
   5.1760683e+00   1.0561704e-17   1.6020943e-17   1.6208016e-17   4.8921790e-18   4.7768646e-17
   5.2480746e+00   1.0488998e-17   1.5910656e-17   1.6096441e-17   4.8585015e-18   4.7439809e-17
   5.3210826e+00   1.0416792e-17   1.5801127e-17   1.5985633e-17   4.8250558e-18   4.7113236e-17
   5.3951062e+00   1.0345083e-17   1.5692353e-17   1.5875589e-17   4.7918403e-18   4.6788911e-17
   5.4701596e+00   1.0273868e-17   1.5584328e-17   1.5766302e-17   4.7588535e-18   4.6466818e-17
   5.5462571e+00   1.0203143e-17   1.5477046e-17   1.5657768e-17   4.7260938e-18   4.6146943e-17
   5.6234133e+00   1.0132905e-17   1.5370503e-17   1.5549981e-17   4.6935596e-18   4.5829269e-17
   5.7016427e+00   1.0063151e-17   1.5264693e-17   1.5442935e-17   4.6612494e-18   4.5513783e-17
   5.7809605e+00   9.9938767e-18   1.5159612e-17   1.5336627e-17   4.6291615e-18   4.5200468e-17
   5.8613816e+00   9.9250793e-18   1.5055254e-17   1.5231050e-17   4.5972946e-18   4.4889310e-17
   5.9429216e+00   9.8567556e-18   1.4951614e-17   1.5126200e-17   4.5656471e-18   4.4580295e-17
   6.0255959e+00   9.7889021e-18   1.4848688e-17   1.5022072e-17   4.5342174e-18   4.4273406e-17
   6.1094202e+00   9.7215158e-18   1.4746470e-17   1.4918661e-17   4.5030040e-18   4.3968630e-17
   6.1944108e+00   9.6545934e-18   1.4644956e-17   1.4815962e-17   4.4720056e-18   4.3665952e-17
   6.2805836e+00   9.5881316e-18   1.4544141e-17   1.4713969e-17   4.4412205e-18   4.3365358e-17
   6.3679552e+00   9.5221274e-18   1.4444020e-17   1.4612679e-17   4.4106474e-18   4.3066833e-17
   6.4565423e+00   9.4565775e-18   1.4344588e-17   1.4512086e-17   4.3802847e-18   4.2770363e-17
   6.5463617e+00   9.3914789e-18   1.4245840e-17   1.4412186e-17   4.3501310e-18   4.2475934e-17
   6.6374307e+00   9.3268284e-18   1.4147773e-17   1.4312973e-17   4.3201849e-18   4.2183531e-17
   6.7297666e+00   9.2626230e-18   1.4050380e-17   1.4214443e-17   4.2904450e-18   4.1893142e-17
   6.8233869e+00   9.1988595e-18   1.3953658e-17   1.4116592e-17   4.2609098e-18   4.1604752e-17
   6.9183097e+00   9.1355350e-18   1.3857602e-17   1.4019414e-17   4.2315779e-18   4.1318347e-17
   7.0145530e+00   9.0726464e-18   1.3762207e-17   1.3922905e-17   4.2024479e-18   4.1033913e-17
   7.1121351e+00   9.0101908e-18   1.3667468e-17   1.3827060e-17   4.1735184e-18   4.0751438e-17
   7.2110748e+00   8.9481651e-18   1.3573382e-17   1.3731875e-17   4.1447881e-18   4.0470907e-17
   7.3113908e+00   8.8865663e-18   1.3479944e-17   1.3637346e-17   4.1162556e-18   4.0192307e-17
   7.4131024e+00   8.8253916e-18   1.3387148e-17   1.3543467e-17   4.0879195e-18   3.9915625e-17
   7.5162289e+00   8.7646381e-18   1.3294992e-17   1.3450234e-17   4.0597785e-18   3.9640848e-17
   7.6207901e+00   8.7043027e-18   1.3203470e-17   1.3357644e-17   4.0318312e-18   3.9367962e-17
   7.7268059e+00   8.6443827e-18   1.3112578e-17   1.3265690e-17   4.0040762e-18   3.9096955e-17
   7.8342964e+00   8.5848752e-18   1.3022311e-17   1.3174370e-17   3.9765124e-18   3.8827814e-17
   7.9432823e+00   8.5257774e-18   1.2932666e-17   1.3083678e-17   3.9491382e-18   3.8560525e-17
   8.0537844e+00   8.4670863e-18   1.2843639e-17   1.2993611e-17   3.9219526e-18   3.8295076e-17
   8.1658237e+00   8.4087993e-18   1.2755224e-17   1.2904163e-17   3.8949540e-18   3.8031455e-17
   8.2794216e+00   8.3509135e-18   1.2667417e-17   1.2815332e-17   3.8681414e-18   3.7769648e-17
   8.3945999e+00   8.2934262e-18   1.2580215e-17   1.2727112e-17   3.8415133e-18   3.7509644e-17
   8.5113804e+00   8.2363347e-18   1.2493614e-17   1.2639499e-17   3.8150685e-18   3.7251429e-17
   8.6297855e+00   8.1796362e-18   1.2407608e-17   1.2552489e-17   3.7888057e-18   3.6994992e-17
   8.7498378e+00   8.1233280e-18   1.2322195e-17   1.2466078e-17   3.7627238e-18   3.6740320e-17
   8.8715601e+00   8.0674074e-18   1.2237370e-17   1.2380262e-17   3.7368214e-18   3.6487402e-17
   8.9949758e+00   8.0118717e-18   1.2153128e-17   1.2295037e-17   3.7110973e-18   3.6236224e-17
   9.1201084e+00   7.9567184e-18   1.2069467e-17   1.2210399e-17   3.6855503e-18   3.5986776e-17
   9.2469817e+00   7.9019447e-18   1.1986381e-17   1.2126343e-17   3.6601791e-18   3.5739045e-17
   9.3756201e+00   7.8475481e-18   1.1903867e-17   1.2042866e-17   3.6349826e-18   3.5493019e-17
   9.5060479e+00   7.7935260e-18   1.1821922e-17   1.1959963e-17   3.6099596e-18   3.5248687e-17
   9.6382902e+00   7.7398757e-18   1.1740540e-17   1.1877632e-17   3.5851088e-18   3.5006036e-17
   9.7723722e+00   7.6865948e-18   1.1659719e-17   1.1795867e-17   3.5604291e-18   3.4765057e-17
   9.9083194e+00   7.6336806e-18   1.1579454e-17   1.1714664e-17   3.5359192e-18   3.4525736e-17
   1.0046158e+01   7.5811308e-18   1.1499741e-17   1.1634021e-17   3.5115781e-18   3.4288062e-17
   1.0185914e+01   7.5289426e-18   1.1420578e-17   1.1553933e-17   3.4874046e-18   3.4052025e-17
   1.0327614e+01   7.4771137e-18   1.1341959e-17   1.1474396e-17   3.4633975e-18   3.3817612e-17
   1.0471285e+01   7.4256416e-18   1.1263882e-17   1.1395407e-17   3.4395556e-18   3.3584814e-17
   1.0616956e+01   7.3745239e-18   1.1186342e-17   1.1316962e-17   3.4158779e-18   3.3353617e-17
   1.0764652e+01   7.3237580e-18   1.1109335e-17   1.1239056e-17   3.3923631e-18   3.3124013e-17
   1.0914403e+01   7.2733416e-18   1.1032859e-17   1.1161687e-17   3.3690103e-18   3.2895989e-17
   1.1066238e+01   7.2232723e-18   1.0956910e-17   1.1084851e-17   3.3458182e-18   3.2669534e-17
   1.1220185e+01   7.1735476e-18   1.0881483e-17   1.1008543e-17   3.3227857e-18   3.2444639e-17
   1.1376273e+01   7.1241653e-18   1.0806575e-17   1.0932761e-17   3.2999118e-18   3.2221292e-17
   1.1534533e+01   7.0751229e-18   1.0732183e-17   1.0857500e-17   3.2771954e-18   3.1999482e-17
   1.1694994e+01   7.0264181e-18   1.0658303e-17   1.0782758e-17   3.2546353e-18   3.1779199e-17
   1.1857687e+01   6.9780486e-18   1.0584932e-17   1.0708530e-17   3.2322306e-18   3.1560432e-17
   1.2022644e+01   6.9300120e-18   1.0512066e-17   1.0634813e-17   3.2099801e-18   3.1343172e-17
   1.2189896e+01   6.8823061e-18   1.0439701e-17   1.0561603e-17   3.1878827e-18   3.1127407e-17
   1.2359474e+01   6.8349287e-18   1.0367835e-17   1.0488898e-17   3.1659375e-18   3.0913128e-17
   1.2531412e+01   6.7878774e-18   1.0296463e-17   1.0416693e-17   3.1441433e-18   3.0700323e-17
   1.2705741e+01   6.7411499e-18   1.0225583e-17   1.0344985e-17   3.1224992e-18   3.0488984e-17
   1.2882496e+01   6.6947442e-18   1.0155191e-17   1.0273770e-17   3.1010041e-18   3.0279099e-17
   1.3061709e+01   6.6486579e-18   1.0085283e-17   1.0203046e-17   3.0796569e-18   3.0070659e-17
   1.3243415e+01   6.6028889e-18   1.0015856e-17   1.0132809e-17   3.0584567e-18   2.9863654e-17
   1.3427650e+01   6.5574349e-18   9.9469074e-18   1.0063055e-17   3.0374024e-18   2.9658074e-17
   1.3614447e+01   6.5122938e-18   9.8784334e-18   9.9937815e-18   3.0164931e-18   2.9453910e-17
   1.3803843e+01   6.4674635e-18   9.8104307e-18   9.9249848e-18   2.9957277e-18   2.9251150e-17
   1.3995873e+01   6.4229418e-18   9.7428962e-18   9.8566617e-18   2.9751053e-18   2.9049787e-17
   1.4190575e+01   6.3787266e-18   9.6758266e-18   9.7888089e-18   2.9546248e-18   2.8849810e-17
   1.4387986e+01   6.3348157e-18   9.6092187e-18   9.7214232e-18   2.9342853e-18   2.8651209e-17
   1.4588143e+01   6.2912072e-18   9.5430693e-18   9.6545014e-18   2.9140858e-18   2.8453976e-17
   1.4791084e+01   6.2478988e-18   9.4773752e-18   9.5880403e-18   2.8940254e-18   2.8258100e-17
   1.4996848e+01   6.2048886e-18   9.4121334e-18   9.5220367e-18   2.8741031e-18   2.8063572e-17
   1.5205475e+01   6.1621744e-18   9.3473408e-18   9.4564874e-18   2.8543179e-18   2.7870384e-17
   1.5417005e+01   6.1197543e-18   9.2829941e-18   9.3913894e-18   2.8346689e-18   2.7678526e-17
   1.5631476e+01   6.0776262e-18   9.2190905e-18   9.3267396e-18   2.8151552e-18   2.7487988e-17
   1.5848932e+01   6.0357881e-18   9.1556267e-18   9.2625347e-18   2.7957758e-18   2.7298762e-17
   1.6069413e+01   5.9942381e-18   9.0925998e-18   9.1987719e-18   2.7765298e-18   2.7110839e-17
   1.6292960e+01   5.9529740e-18   9.0300068e-18   9.1354480e-18   2.7574163e-18   2.6924209e-17
   1.6519618e+01   5.9119940e-18   8.9678446e-18   9.0725600e-18   2.7384344e-18   2.6738864e-17
   1.6749429e+01   5.8712962e-18   8.9061104e-18   9.0101049e-18   2.7195831e-18   2.6554795e-17
   1.6982437e+01   5.8308784e-18   8.8448012e-18   8.9480798e-18   2.7008616e-18   2.6371994e-17
   1.7218686e+01   5.7907389e-18   8.7839140e-18   8.8864817e-18   2.6822690e-18   2.6190450e-17
   1.7458222e+01   5.7508758e-18   8.7234460e-18   8.8253076e-18   2.6638044e-18   2.6010156e-17
   1.7701090e+01   5.7112870e-18   8.6633942e-18   8.7645546e-18   2.6454669e-18   2.5831104e-17
   1.7947336e+01   5.6719708e-18   8.6037558e-18   8.7042198e-18   2.6272557e-18   2.5653284e-17
   1.8197009e+01   5.6329252e-18   8.5445280e-18   8.6443004e-18   2.6091698e-18   2.5476688e-17
   1.8450154e+01   5.5941485e-18   8.4857079e-18   8.5847934e-18   2.5912084e-18   2.5301308e-17
   1.8706821e+01   5.5556386e-18   8.4272927e-18   8.5256961e-18   2.5733706e-18   2.5127135e-17
   1.8967059e+01   5.5173939e-18   8.3692796e-18   8.4670056e-18   2.5556557e-18   2.4954161e-17
   1.9230917e+01   5.4794124e-18   8.3116659e-18   8.4087192e-18   2.5380626e-18   2.4782378e-17
   1.9498446e+01   5.4416924e-18   8.2544488e-18   8.3508340e-18   2.5205907e-18   2.4611777e-17
   1.9769696e+01   5.4042320e-18   8.1976255e-18   8.2933472e-18   2.5032391e-18   2.4442351e-17
   2.0044720e+01   5.3670296e-18   8.1411935e-18   8.2362562e-18   2.4860069e-18   2.4274091e-17
   2.0323570e+01   5.3300832e-18   8.0851499e-18   8.1795582e-18   2.4688934e-18   2.4106989e-17
   2.0606299e+01   5.2933912e-18   8.0294921e-18   8.1232506e-18   2.4518976e-18   2.3941038e-17
   2.0892961e+01   5.2569517e-18   7.9742175e-18   8.0673305e-18   2.4350189e-18   2.3776229e-17
   2.1183611e+01   5.2207631e-18   7.9193234e-18   8.0117954e-18   2.4182564e-18   2.3612555e-17
   2.1478305e+01   5.1848236e-18   7.8648071e-18   7.9566426e-18   2.4016092e-18   2.3450007e-17
   2.1777098e+01   5.1491315e-18   7.8106662e-18   7.9018694e-18   2.3850766e-18   2.3288579e-17
   2.2080047e+01   5.1136852e-18   7.7568979e-18   7.8474733e-18   2.3686579e-18   2.3128261e-17
   2.2387211e+01   5.0784828e-18   7.7034998e-18   7.7934517e-18   2.3523522e-18   2.2969047e-17
   2.2698649e+01   5.0435228e-18   7.6504693e-18   7.7398020e-18   2.3361587e-18   2.2810930e-17
   2.3014418e+01   5.0088034e-18   7.5978038e-18   7.6865216e-18   2.3200767e-18   2.2653901e-17
   2.3334581e+01   4.9743231e-18   7.5455009e-18   7.6336079e-18   2.3041054e-18   2.2497952e-17
   2.3659197e+01   4.9400801e-18   7.4935581e-18   7.5810585e-18   2.2882440e-18   2.2343078e-17
   2.3988329e+01   4.9060728e-18   7.4419728e-18   7.5288709e-18   2.2724919e-18   2.2189269e-17
   2.4322040e+01   4.8722996e-18   7.3907426e-18   7.4770425e-18   2.2568481e-18   2.2036519e-17
   2.4660393e+01   4.8387589e-18   7.3398651e-18   7.4255709e-18   2.2413121e-18   2.1884821e-17
   2.5003454e+01   4.8054492e-18   7.2893378e-18   7.3744536e-18   2.2258830e-18   2.1734167e-17
   2.5351286e+01   4.7723687e-18   7.2391583e-18   7.3236883e-18   2.2105602e-18   2.1584550e-17
   2.5703958e+01   4.7395159e-18   7.1893243e-18   7.2732723e-18   2.1953428e-18   2.1435963e-17
   2.6061535e+01   4.7068893e-18   7.1398334e-18   7.2232035e-18   2.1802301e-18   2.1288399e-17
   2.6424088e+01   4.6744873e-18   7.0906831e-18   7.1734793e-18   2.1652215e-18   2.1141851e-17
   2.6791683e+01   4.6423084e-18   7.0418712e-18   7.1240974e-18   2.1503163e-18   2.0996312e-17
   2.7164393e+01   4.6103510e-18   6.9933953e-18   7.0750555e-18   2.1355136e-18   2.0851774e-17
   2.7542287e+01   4.5786135e-18   6.9452531e-18   7.0263511e-18   2.1208128e-18   2.0708232e-17
   2.7925438e+01   4.5470946e-18   6.8974423e-18   6.9779821e-18   2.1062132e-18   2.0565677e-17
   2.8313920e+01   4.5157926e-18   6.8499606e-18   6.9299460e-18   2.0917142e-18   2.0424104e-17
   2.8707806e+01   4.4847061e-18   6.8028058e-18   6.8822406e-18   2.0773149e-18   2.0283506e-17
   2.9107171e+01   4.4538336e-18   6.7559757e-18   6.8348636e-18   2.0630148e-18   2.0143875e-17
   2.9512092e+01   4.4231736e-18   6.7094678e-18   6.7878127e-18   2.0488131e-18   2.0005206e-17
   2.9922646e+01   4.3927247e-18   6.6632802e-18   6.7410857e-18   2.0347091e-18   1.9867491e-17
   3.0338912e+01   4.3624854e-18   6.6174105e-18   6.6946804e-18   2.0207023e-18   1.9730725e-17
   3.0760968e+01   4.3324543e-18   6.5718566e-18   6.6485946e-18   2.0067919e-18   1.9594899e-17
   3.1188896e+01   4.3026299e-18   6.5266162e-18   6.6028259e-18   1.9929772e-18   1.9460009e-17
   3.1622777e+01   4.2730108e-18   6.4816873e-18   6.5573724e-18   1.9792577e-18   1.9326047e-17
   3.2062693e+01   4.2435956e-18   6.4370677e-18   6.5122318e-18   1.9656326e-18   1.9193008e-17
   3.2508730e+01   4.2143829e-18   6.3927552e-18   6.4674019e-18   1.9521012e-18   1.9060884e-17
   3.2960971e+01   4.1853713e-18   6.3487478e-18   6.4228806e-18   1.9386631e-18   1.8929670e-17
   3.3419504e+01   4.1565594e-18   6.3050433e-18   6.3786658e-18   1.9253174e-18   1.8799360e-17
   3.3884416e+01   4.1279458e-18   6.2616397e-18   6.3347554e-18   1.9120636e-18   1.8669946e-17
   3.4355795e+01   4.0995292e-18   6.2185349e-18   6.2911472e-18   1.8989011e-18   1.8541423e-17
   3.4833732e+01   4.0713083e-18   6.1757268e-18   6.2478393e-18   1.8858291e-18   1.8413785e-17
   3.5318317e+01   4.0432816e-18   6.1332134e-18   6.2048295e-18   1.8728472e-18   1.8287025e-17
   3.5809644e+01   4.0154478e-18   6.0909927e-18   6.1621157e-18   1.8599546e-18   1.8161139e-17
   3.6307805e+01   3.9878057e-18   6.0490626e-18   6.1196960e-18   1.8471507e-18   1.8036118e-17
   3.6812897e+01   3.9603538e-18   6.0074211e-18   6.0775683e-18   1.8344350e-18   1.7911959e-17
   3.7325016e+01   3.9330909e-18   5.9660663e-18   6.0357306e-18   1.8218069e-18   1.7788654e-17
   3.7844258e+01   3.9060157e-18   5.9249962e-18   5.9941810e-18   1.8092656e-18   1.7666198e-17
   3.8370725e+01   3.8791269e-18   5.8842088e-18   5.9529173e-18   1.7968107e-18   1.7544585e-17
   3.8904514e+01   3.8524232e-18   5.8437022e-18   5.9119377e-18   1.7844416e-18   1.7423809e-17
   3.9445730e+01   3.8259033e-18   5.8034744e-18   5.8712402e-18   1.7721576e-18   1.7303864e-17
   3.9994475e+01   3.7995659e-18   5.7635236e-18   5.8308229e-18   1.7599581e-18   1.7184746e-17
   4.0550854e+01   3.7734099e-18   5.7238478e-18   5.7906838e-18   1.7478427e-18   1.7066447e-17
   4.1114972e+01   3.7474340e-18   5.6844451e-18   5.7508210e-18   1.7358106e-18   1.6948962e-17
   4.1686938e+01   3.7216368e-18   5.6453137e-18   5.7112326e-18   1.7238614e-18   1.6832287e-17
   4.2266861e+01   3.6960172e-18   5.6064516e-18   5.6719168e-18   1.7119944e-18   1.6716414e-17
   4.2854852e+01   3.6705740e-18   5.5678570e-18   5.6328716e-18   1.7002091e-18   1.6601340e-17
   4.3451022e+01   3.6453060e-18   5.5295282e-18   5.5940952e-18   1.6885049e-18   1.6487057e-17
   4.4055486e+01   3.6202119e-18   5.4914632e-18   5.5555857e-18   1.6768814e-18   1.6373561e-17
   4.4668359e+01   3.5952905e-18   5.4536602e-18   5.5173413e-18   1.6653378e-18   1.6260847e-17
   4.5289758e+01   3.5705407e-18   5.4161175e-18   5.4793602e-18   1.6538737e-18   1.6148908e-17
   4.5919801e+01   3.5459613e-18   5.3788332e-18   5.4416405e-18   1.6424885e-18   1.6037740e-17
   4.6558609e+01   3.5215510e-18   5.3418056e-18   5.4041805e-18   1.6311817e-18   1.5927337e-17
   4.7206304e+01   3.4973089e-18   5.3050328e-18   5.3669784e-18   1.6199527e-18   1.5817694e-17
   4.7863009e+01   3.4732335e-18   5.2685132e-18   5.3300324e-18   1.6088010e-18   1.5708806e-17
   4.8528850e+01   3.4493240e-18   5.2322451e-18   5.2933407e-18   1.5977261e-18   1.5600668e-17
   4.9203954e+01   3.4255790e-18   5.1962265e-18   5.2569016e-18   1.5867275e-18   1.5493274e-17
   4.9888449e+01   3.4019975e-18   5.1604560e-18   5.2207134e-18   1.5758045e-18   1.5386619e-17
   5.0582466e+01   3.3785783e-18   5.1249316e-18   5.1847742e-18   1.5649567e-18   1.5280699e-17
   5.1286138e+01   3.3553203e-18   5.0896519e-18   5.1490825e-18   1.5541837e-18   1.5175507e-17
   5.1999600e+01   3.3322225e-18   5.0546149e-18   5.1136365e-18   1.5434847e-18   1.5071040e-17
   5.2722986e+01   3.3092836e-18   5.0198192e-18   5.0784344e-18   1.5328595e-18   1.4967292e-17
   5.3456436e+01   3.2865027e-18   4.9852630e-18   5.0434747e-18   1.5223073e-18   1.4864258e-17
   5.4200089e+01   3.2638785e-18   4.9509447e-18   5.0087557e-18   1.5118278e-18   1.4761934e-17
   5.4954087e+01   3.2414101e-18   4.9168626e-18   4.9742757e-18   1.5014205e-18   1.4660314e-17
   5.5718575e+01   3.2190964e-18   4.8830152e-18   4.9400330e-18   1.4910848e-18   1.4559393e-17
   5.6493697e+01   3.1969363e-18   4.8494008e-18   4.9060260e-18   1.4808202e-18   1.4459167e-17
   5.7279603e+01   3.1749288e-18   4.8160177e-18   4.8722532e-18   1.4706263e-18   1.4359632e-17
   5.8076442e+01   3.1530727e-18   4.7828645e-18   4.8387128e-18   1.4605026e-18   1.4260781e-17
   5.8884366e+01   3.1313671e-18   4.7499395e-18   4.8054034e-18   1.4504486e-18   1.4162611e-17
   5.9703529e+01   3.1098109e-18   4.7172411e-18   4.7723232e-18   1.4404638e-18   1.4065116e-17
   6.0534087e+01   3.0884032e-18   4.6847679e-18   4.7394708e-18   1.4305477e-18   1.3968293e-17
   6.1376201e+01   3.0671427e-18   4.6525182e-18   4.7068445e-18   1.4206999e-18   1.3872136e-17
   6.2230029e+01   3.0460287e-18   4.6204904e-18   4.6744428e-18   1.4109198e-18   1.3776642e-17
   6.3095734e+01   3.0250600e-18   4.5886832e-18   4.6422642e-18   1.4012071e-18   1.3681804e-17
   6.3973484e+01   3.0042356e-18   4.5570949e-18   4.6103070e-18   1.3915613e-18   1.3587620e-17
   6.4863443e+01   2.9835546e-18   4.5257241e-18   4.5785699e-18   1.3819818e-18   1.3494084e-17
   6.5765784e+01   2.9630159e-18   4.4945692e-18   4.5470513e-18   1.3724683e-18   1.3401191e-17
   6.6680677e+01   2.9426187e-18   4.4636289e-18   4.5157496e-18   1.3630203e-18   1.3308939e-17
   6.7608298e+01   2.9223618e-18   4.4329014e-18   4.4846634e-18   1.3536374e-18   1.3217321e-17
   6.8548823e+01   2.9022444e-18   4.4023856e-18   4.4537912e-18   1.3443190e-18   1.3126334e-17
   6.9502432e+01   2.8822655e-18   4.3720798e-18   4.4231315e-18   1.3350648e-18   1.3035973e-17
   7.0469307e+01   2.8624241e-18   4.3419826e-18   4.3926829e-18   1.3258743e-18   1.2946235e-17
   7.1449633e+01   2.8427194e-18   4.3120926e-18   4.3624438e-18   1.3167470e-18   1.2857114e-17
   7.2443596e+01   2.8231502e-18   4.2824083e-18   4.3324130e-18   1.3076826e-18   1.2768607e-17
   7.3451387e+01   2.8037158e-18   4.2529284e-18   4.3025889e-18   1.2986806e-18   1.2680709e-17
   7.4473197e+01   2.7844151e-18   4.2236515e-18   4.2729701e-18   1.2897405e-18   1.2593416e-17
   7.5509223e+01   2.7652474e-18   4.1945761e-18   4.2435551e-18   1.2808620e-18   1.2506724e-17
   7.6559661e+01   2.7462115e-18   4.1657008e-18   4.2143427e-18   1.2720446e-18   1.2420629e-17
   7.7624712e+01   2.7273067e-18   4.1370243e-18   4.1853314e-18   1.2632879e-18   1.2335126e-17
   7.8704579e+01   2.7085321e-18   4.1085453e-18   4.1565198e-18   1.2545915e-18   1.2250212e-17
   7.9799469e+01   2.6898867e-18   4.0802622e-18   4.1279065e-18   1.2459549e-18   1.2165883e-17
   8.0909590e+01   2.6713696e-18   4.0521739e-18   4.0994902e-18   1.2373778e-18   1.2082134e-17
   8.2035154e+01   2.6529801e-18   4.0242789e-18   4.0712695e-18   1.2288598e-18   1.1998962e-17
   8.3176377e+01   2.6347171e-18   3.9965760e-18   4.0432431e-18   1.2204004e-18   1.1916362e-17
   8.4333476e+01   2.6165798e-18   3.9690638e-18   4.0154096e-18   1.2119992e-18   1.1834331e-17
   8.5506671e+01   2.5985674e-18   3.9417409e-18   3.9877677e-18   1.2036559e-18   1.1752865e-17
   8.6696188e+01   2.5806790e-18   3.9146062e-18   3.9603161e-18   1.1953700e-18   1.1671959e-17
   8.7902252e+01   2.5629137e-18   3.8876582e-18   3.9330535e-18   1.1871411e-18   1.1591611e-17
   8.9125094e+01   2.5452708e-18   3.8608958e-18   3.9059785e-18   1.1789689e-18   1.1511815e-17
   9.0364947e+01   2.5277492e-18   3.8343175e-18   3.8790899e-18   1.1708529e-18   1.1432569e-17
   9.1622049e+01   2.5103483e-18   3.8079223e-18   3.8523865e-18   1.1627928e-18   1.1353869e-17
   9.2896639e+01   2.4930672e-18   3.7817087e-18   3.8258668e-18   1.1547882e-18   1.1275710e-17
   9.4188960e+01   2.4759051e-18   3.7556756e-18   3.7995297e-18   1.1468387e-18   1.1198089e-17
   9.5499259e+01   2.4588610e-18   3.7298217e-18   3.7733740e-18   1.1389439e-18   1.1121003e-17
   9.6827786e+01   2.4419344e-18   3.7041458e-18   3.7473982e-18   1.1311035e-18   1.1044447e-17
   9.8174794e+01   2.4251242e-18   3.6786467e-18   3.7216013e-18   1.1233170e-18   1.0968418e-17
   9.9540542e+01   2.4084298e-18   3.6533230e-18   3.6959820e-18   1.1155842e-18   1.0892913e-17
   1.0092529e+02   2.3918503e-18   3.6281737e-18   3.6705391e-18   1.1079045e-18   1.0817927e-17
   1.0232930e+02   2.3753849e-18   3.6031976e-18   3.6452712e-18   1.1002778e-18   1.0743458e-17
   1.0375284e+02   2.3590328e-18   3.5783933e-18   3.6201774e-18   1.0927035e-18   1.0669502e-17
   1.0519619e+02   2.3427934e-18   3.5537598e-18   3.5952562e-18   1.0851814e-18   1.0596054e-17
   1.0665961e+02   2.3266657e-18   3.5292959e-18   3.5705067e-18   1.0777111e-18   1.0523112e-17
   1.0814340e+02   2.3106490e-18   3.5050004e-18   3.5459275e-18   1.0702921e-18   1.0450672e-17
   1.0964782e+02   2.2947426e-18   3.4808722e-18   3.5215175e-18   1.0629243e-18   1.0378731e-17
   1.1117317e+02   2.2789457e-18   3.4569100e-18   3.4972755e-18   1.0556072e-18   1.0307286e-17
   1.1271975e+02   2.2632576e-18   3.4331128e-18   3.4732005e-18   1.0483404e-18   1.0236332e-17
   1.1428783e+02   2.2476774e-18   3.4094794e-18   3.4492911e-18   1.0411237e-18   1.0165866e-17
   1.1587774e+02   2.2322045e-18   3.3860088e-18   3.4255464e-18   1.0339567e-18   1.0095886e-17
   1.1748976e+02   2.2168382e-18   3.3626996e-18   3.4019651e-18   1.0268390e-18   1.0026387e-17
   1.1912420e+02   2.2015775e-18   3.3395510e-18   3.3785461e-18   1.0197702e-18   9.9573670e-18
   1.2078138e+02   2.1864220e-18   3.3165617e-18   3.3552884e-18   1.0127502e-18   9.8888219e-18
   1.2246162e+02   2.1713708e-18   3.2937306e-18   3.3321907e-18   1.0057785e-18   9.8207488e-18
   1.2416523e+02   2.1564232e-18   3.2710567e-18   3.3092521e-18   9.9885474e-19   9.7531443e-18
   1.2589254e+02   2.1415784e-18   3.2485389e-18   3.2864713e-18   9.9197868e-19   9.6860052e-18
   1.2764388e+02   2.1268359e-18   3.2261761e-18   3.2638474e-18   9.8514994e-19   9.6193283e-18
   1.2941958e+02   2.1121949e-18   3.2039673e-18   3.2413793e-18   9.7836822e-19   9.5531104e-18
   1.3121999e+02   2.0976546e-18   3.1819114e-18   3.2190658e-18   9.7163318e-19   9.4873484e-18
   1.3304544e+02   2.0832145e-18   3.1600072e-18   3.1969059e-18   9.6494450e-19   9.4220392e-18
   1.3489629e+02   2.0688737e-18   3.1382539e-18   3.1748985e-18   9.5830187e-19   9.3571795e-18
   1.3677288e+02   2.0546317e-18   3.1166503e-18   3.1530427e-18   9.5170497e-19   9.2927663e-18
   1.3867558e+02   2.0404877e-18   3.0951954e-18   3.1313373e-18   9.4515348e-19   9.2287966e-18
   1.4060475e+02   2.0264411e-18   3.0738883e-18   3.1097813e-18   9.3864709e-19   9.1652673e-18
   1.4256076e+02   2.0124912e-18   3.0527278e-18   3.0883737e-18   9.3218549e-19   9.1021753e-18
   1.4454398e+02   1.9986373e-18   3.0317129e-18   3.0671135e-18   9.2576837e-19   9.0395177e-18
   1.4655478e+02   1.9848788e-18   3.0108428e-18   3.0459997e-18   9.1939542e-19   8.9772915e-18
   1.4859356e+02   1.9712150e-18   2.9901163e-18   3.0250311e-18   9.1306635e-19   8.9154936e-18
   1.5066071e+02   1.9576452e-18   2.9695325e-18   3.0042070e-18   9.0678084e-19   8.8541212e-18
   1.5275661e+02   1.9441689e-18   2.9490903e-18   2.9835262e-18   9.0053861e-19   8.7931713e-18
   1.5488166e+02   1.9307853e-18   2.9287889e-18   2.9629877e-18   8.9433934e-19   8.7326410e-18
   1.5703628e+02   1.9174939e-18   2.9086273e-18   2.9425906e-18   8.8818276e-19   8.6725274e-18
   1.5922087e+02   1.9042939e-18   2.8886045e-18   2.9223340e-18   8.8206855e-19   8.6128277e-18
   1.6143586e+02   1.8911849e-18   2.8687194e-18   2.9022168e-18   8.7599643e-19   8.5535389e-18
   1.6368165e+02   1.8781661e-18   2.8489713e-18   2.8822381e-18   8.6996611e-19   8.4946584e-18
   1.6595869e+02   1.8652369e-18   2.8293591e-18   2.8623969e-18   8.6397731e-19   8.4361832e-18
   1.6826741e+02   1.8523967e-18   2.8098820e-18   2.8426923e-18   8.5802973e-19   8.3781106e-18
   1.7060824e+02   1.8396448e-18   2.7905389e-18   2.8231233e-18   8.5212310e-19   8.3204378e-18
   1.7298164e+02   1.8269808e-18   2.7713289e-18   2.8036891e-18   8.4625712e-19   8.2631620e-18
   1.7538805e+02   1.8144040e-18   2.7522512e-18   2.7843886e-18   8.4043153e-19   8.2062806e-18
   1.7782794e+02   1.8019137e-18   2.7333049e-18   2.7652210e-18   8.3464604e-19   8.1497907e-18
   1.8030177e+02   1.7895094e-18   2.7144889e-18   2.7461854e-18   8.2890038e-19   8.0936898e-18
   1.8281002e+02   1.7771905e-18   2.6958025e-18   2.7272808e-18   8.2319427e-19   8.0379751e-18
   1.8535316e+02   1.7649564e-18   2.6772448e-18   2.7085063e-18   8.1752744e-19   7.9826440e-18
   1.8793168e+02   1.7528065e-18   2.6588147e-18   2.6898611e-18   8.1189962e-19   7.9276938e-18
   1.9054607e+02   1.7407403e-18   2.6405116e-18   2.6713442e-18   8.0631054e-19   7.8731220e-18
   1.9319683e+02   1.7287571e-18   2.6223344e-18   2.6529548e-18   8.0075994e-19   7.8189258e-18
   1.9588447e+02   1.7168565e-18   2.6042824e-18   2.6346920e-18   7.9524754e-19   7.7651028e-18
   1.9860949e+02   1.7050377e-18   2.5863546e-18   2.6165549e-18   7.8977310e-19   7.7116504e-18
   2.0137242e+02   1.6933003e-18   2.5685503e-18   2.5985427e-18   7.8433634e-19   7.6585659e-18
   2.0417379e+02   1.6816437e-18   2.5508685e-18   2.5806544e-18   7.7893701e-19   7.6058469e-18
   2.0701413e+02   1.6700674e-18   2.5333085e-18   2.5628893e-18   7.7357484e-19   7.5534909e-18
   2.0989399e+02   1.6585707e-18   2.5158693e-18   2.5452465e-18   7.6824959e-19   7.5014954e-18
   2.1281390e+02   1.6471532e-18   2.4985502e-18   2.5277251e-18   7.6296100e-19   7.4498578e-18
   2.1577444e+02   1.6358142e-18   2.4813503e-18   2.5103244e-18   7.5770881e-19   7.3985757e-18
   2.1877616e+02   1.6245534e-18   2.4642688e-18   2.4930435e-18   7.5249278e-19   7.3476468e-18
   2.2181964e+02   1.6133700e-18   2.4473049e-18   2.4758815e-18   7.4731266e-19   7.2970684e-18
   2.2490546e+02   1.6022637e-18   2.4304578e-18   2.4588376e-18   7.4216819e-19   7.2468383e-18
   2.2803421e+02   1.5912338e-18   2.4137266e-18   2.4419111e-18   7.3705914e-19   7.1969541e-18
   2.3120648e+02   1.5802798e-18   2.3971106e-18   2.4251011e-18   7.3198526e-19   7.1474133e-18
   2.3442288e+02   1.5694012e-18   2.3806090e-18   2.4084068e-18   7.2694631e-19   7.0982135e-18
   2.3768403e+02   1.5585975e-18   2.3642210e-18   2.3918275e-18   7.2194205e-19   7.0493526e-18
   2.4099054e+02   1.5478682e-18   2.3479458e-18   2.3753622e-18   7.1697223e-19   7.0008280e-18
   2.4434306e+02   1.5372128e-18   2.3317827e-18   2.3590104e-18   7.1203663e-19   6.9526376e-18
   2.4774221e+02   1.5266307e-18   2.3157308e-18   2.3427711e-18   7.0713501e-19   6.9047789e-18
   2.5118864e+02   1.5161214e-18   2.2997894e-18   2.3266435e-18   7.0226712e-19   6.8572498e-18
   2.5468303e+02   1.5056845e-18   2.2839578e-18   2.3106270e-18   6.9743275e-19   6.8100479e-18
   2.5822602e+02   1.4953195e-18   2.2682351e-18   2.2947208e-18   6.9263166e-19   6.7631710e-18
   2.6181830e+02   1.4850258e-18   2.2526207e-18   2.2789240e-18   6.8786361e-19   6.7166169e-18
   2.6546056e+02   1.4748029e-18   2.2371138e-18   2.2632360e-18   6.8312839e-19   6.6703833e-18
   2.6915348e+02   1.4646504e-18   2.2217136e-18   2.2476560e-18   6.7842577e-19   6.6244681e-18
   2.7289778e+02   1.4545679e-18   2.2064194e-18   2.2321833e-18   6.7375552e-19   6.5788690e-18
   2.7669416e+02   1.4445547e-18   2.1912306e-18   2.2168170e-18   6.6911742e-19   6.5335839e-18
   2.8054336e+02   1.4346104e-18   2.1761462e-18   2.2015566e-18   6.6451125e-19   6.4886106e-18
   2.8444611e+02   1.4247347e-18   2.1611657e-18   2.1864012e-18   6.5993679e-19   6.4439469e-18
   2.8840315e+02   1.4149268e-18   2.1462884e-18   2.1713501e-18   6.5539381e-19   6.3995908e-18
   2.9241524e+02   1.4051866e-18   2.1315134e-18   2.1564026e-18   6.5088211e-19   6.3555402e-18
   2.9648314e+02   1.3955133e-18   2.1168402e-18   2.1415580e-18   6.4640147e-19   6.3117928e-18
   3.0060763e+02   1.3859067e-18   2.1022680e-18   2.1268157e-18   6.4195168e-19   6.2683467e-18
   3.0478950e+02   1.3763662e-18   2.0877961e-18   2.1121748e-18   6.3753251e-19   6.2251998e-18
   3.0902954e+02   1.3668913e-18   2.0734238e-18   2.0976347e-18   6.3314377e-19   6.1823499e-18
   3.1332857e+02   1.3574817e-18   2.0591504e-18   2.0831946e-18   6.2878524e-19   6.1397952e-18
   3.1768741e+02   1.3481369e-18   2.0449753e-18   2.0688540e-18   6.2445671e-19   6.0975334e-18
   3.2210688e+02   1.3388564e-18   2.0308978e-18   2.0546121e-18   6.2015798e-19   6.0555627e-18
   3.2658783e+02   1.3296397e-18   2.0169172e-18   2.0404683e-18   6.1588884e-19   6.0138810e-18
   3.3113112e+02   1.3204866e-18   2.0030329e-18   2.0264218e-18   6.1164909e-19   5.9724863e-18
   3.3573761e+02   1.3113964e-18   1.9892441e-18   2.0124720e-18   6.0743853e-19   5.9313767e-18
   3.4040819e+02   1.3023688e-18   1.9755502e-18   1.9986183e-18   6.0325695e-19   5.8905501e-18
   3.4514374e+02   1.2934034e-18   1.9619506e-18   1.9848599e-18   5.9910416e-19   5.8500048e-18
   3.4994517e+02   1.2844996e-18   1.9484447e-18   1.9711962e-18   5.9497996e-19   5.8097386e-18
   3.5481339e+02   1.2756572e-18   1.9350317e-18   1.9576266e-18   5.9088415e-19   5.7697497e-18
   3.5974934e+02   1.2668756e-18   1.9217110e-18   1.9441504e-18   5.8681653e-19   5.7300362e-18
   3.6475395e+02   1.2581545e-18   1.9084820e-18   1.9307669e-18   5.8277691e-19   5.6905962e-18
   3.6982818e+02   1.2494935e-18   1.8953441e-18   1.9174756e-18   5.7876510e-19   5.6514279e-18
   3.7497300e+02   1.2408920e-18   1.8822967e-18   1.9042758e-18   5.7478091e-19   5.6125292e-18
   3.8018940e+02   1.2323498e-18   1.8693390e-18   1.8911669e-18   5.7082415e-19   5.5738985e-18
   3.8547836e+02   1.2238663e-18   1.8564706e-18   1.8781482e-18   5.6689462e-19   5.5355338e-18
   3.9084090e+02   1.2154413e-18   1.8436907e-18   1.8652191e-18   5.6299215e-19   5.4974333e-18
   3.9627803e+02   1.2070743e-18   1.8309989e-18   1.8523790e-18   5.5911654e-19   5.4595953e-18
   4.0179081e+02   1.1987648e-18   1.8183944e-18   1.8396273e-18   5.5526761e-19   5.4220178e-18
   4.0738028e+02   1.1905126e-18   1.8058766e-18   1.8269634e-18   5.5144517e-19   5.3846992e-18
   4.1304750e+02   1.1823171e-18   1.7934451e-18   1.8143867e-18   5.4764905e-19   5.3476375e-18
   4.1879357e+02   1.1741781e-18   1.7810991e-18   1.8018965e-18   5.4387906e-19   5.3108312e-18
   4.2461956e+02   1.1660951e-18   1.7688381e-18   1.7894924e-18   5.4013502e-19   5.2742783e-18
   4.3052661e+02   1.1580678e-18   1.7566615e-18   1.7771736e-18   5.3641676e-19   5.2379772e-18
   4.3651583e+02   1.1500957e-18   1.7445687e-18   1.7649396e-18   5.3272409e-19   5.2019262e-18
   4.4258837e+02   1.1421785e-18   1.7325592e-18   1.7527898e-18   5.2905684e-19   5.1661235e-18
   4.4874539e+02   1.1343158e-18   1.7206323e-18   1.7407237e-18   5.2541484e-19   5.1305674e-18
   4.5498806e+02   1.1265072e-18   1.7087876e-18   1.7287407e-18   5.2179791e-19   5.0952562e-18
   4.6131757e+02   1.1187524e-18   1.6970244e-18   1.7168401e-18   5.1820588e-19   5.0601882e-18
   4.6773514e+02   1.1110510e-18   1.6853421e-18   1.7050215e-18   5.1463858e-19   5.0253618e-18
   4.7424199e+02   1.1034026e-18   1.6737403e-18   1.6932842e-18   5.1109583e-19   4.9907753e-18
   4.8083935e+02   1.0958068e-18   1.6622184e-18   1.6816277e-18   5.0757747e-19   4.9564271e-18
   4.8752849e+02   1.0882633e-18   1.6507757e-18   1.6700514e-18   5.0408333e-19   4.9223155e-18
   4.9431069e+02   1.0807718e-18   1.6394119e-18   1.6585549e-18   5.0061325e-19   4.8884389e-18
   5.0118723e+02   1.0733318e-18   1.6281262e-18   1.6471375e-18   4.9716705e-19   4.8547956e-18
   5.0815944e+02   1.0659430e-18   1.6169183e-18   1.6357987e-18   4.9374458e-19   4.8213842e-18
   5.1522864e+02   1.0586051e-18   1.6057875e-18   1.6245379e-18   4.9034566e-19   4.7882029e-18
   5.2239619e+02   1.0513177e-18   1.5947333e-18   1.6133547e-18   4.8697015e-19   4.7552502e-18
   5.2966344e+02   1.0440805e-18   1.5837553e-18   1.6022484e-18   4.8361787e-19   4.7225246e-18
   5.3703180e+02   1.0368931e-18   1.5728528e-18   1.5912186e-18   4.8028866e-19   4.6900244e-18
   5.4450265e+02   1.0297552e-18   1.5620253e-18   1.5802647e-18   4.7698238e-19   4.6577482e-18
   5.5207744e+02   1.0226664e-18   1.5512724e-18   1.5693863e-18   4.7369886e-19   4.6256943e-18
   5.5975760e+02   1.0156264e-18   1.5405936e-18   1.5585827e-18   4.7043794e-19   4.5938614e-18
   5.6754461e+02   1.0086349e-18   1.5299882e-18   1.5478535e-18   4.6719947e-19   4.5622477e-18
   5.7543994e+02   1.0016915e-18   1.5194558e-18   1.5371981e-18   4.6398329e-19   4.5308519e-18
   5.8344510e+02   9.9479590e-19   1.5089960e-18   1.5266161e-18   4.6078925e-19   4.4996725e-18
   5.9156163e+02   9.8794777e-19   1.4986081e-18   1.5161070e-18   4.5761720e-19   4.4687079e-18
   5.9979108e+02   9.8114679e-19   1.4882918e-18   1.5056702e-18   4.5446698e-19   4.4379567e-18
   6.0813500e+02   9.7439262e-19   1.4780464e-18   1.4953052e-18   4.5133845e-19   4.4074175e-18
   6.1659500e+02   9.6768495e-19   1.4678716e-18   1.4850116e-18   4.4823146e-19   4.3770887e-18
   6.2517269e+02   9.6102345e-19   1.4577669e-18   1.4747889e-18   4.4514586e-19   4.3469689e-18
   6.3386971e+02   9.5440782e-19   1.4477317e-18   1.4646365e-18   4.4208150e-19   4.3170567e-18
   6.4268772e+02   9.4783772e-19   1.4377656e-18   1.4545540e-18   4.3903823e-19   4.2873507e-18
   6.5162839e+02   9.4131285e-19   1.4278681e-18   1.4445409e-18   4.3601591e-19   4.2578494e-18
   6.6069345e+02   9.3483290e-19   1.4180387e-18   1.4345968e-18   4.3301440e-19   4.2285515e-18
   6.6988461e+02   9.2839755e-19   1.4082770e-18   1.4247211e-18   4.3003355e-19   4.1994556e-18
   6.7920363e+02   9.2200651e-19   1.3985825e-18   1.4149134e-18   4.2707322e-19   4.1705602e-18
   6.8865230e+02   9.1565946e-19   1.3889547e-18   1.4051732e-18   4.2413327e-19   4.1418640e-18
   6.9823240e+02   9.0935611e-19   1.3793932e-18   1.3955000e-18   4.2121355e-19   4.1133657e-18
   7.0794578e+02   9.0309614e-19   1.3698975e-18   1.3858935e-18   4.1831394e-19   4.0850638e-18
   7.1779429e+02   8.9687927e-19   1.3604672e-18   1.3763530e-18   4.1543429e-19   4.0569571e-18
   7.2777980e+02   8.9070520e-19   1.3511018e-18   1.3668783e-18   4.1257446e-19   4.0290441e-18
   7.3790423e+02   8.8457363e-19   1.3418009e-18   1.3574688e-18   4.0973431e-19   4.0013236e-18
   7.4816950e+02   8.7848426e-19   1.3325640e-18   1.3481240e-18   4.0691372e-19   3.9737943e-18
   7.5857758e+02   8.7243682e-19   1.3233907e-18   1.3388436e-18   4.0411255e-19   3.9464548e-18
   7.6913044e+02   8.6643101e-19   1.3142805e-18   1.3296271e-18   4.0133066e-19   3.9193038e-18
   7.7983011e+02   8.6046654e-19   1.3052331e-18   1.3204740e-18   3.9856792e-19   3.8923401e-18
   7.9067863e+02   8.5454313e-19   1.2962479e-18   1.3113839e-18   3.9582419e-19   3.8655623e-18
   8.0167806e+02   8.4866050e-19   1.2873246e-18   1.3023564e-18   3.9309936e-19   3.8389692e-18
   8.1283052e+02   8.4281836e-19   1.2784627e-18   1.2933910e-18   3.9039328e-19   3.8125596e-18
   8.2413812e+02   8.3701644e-19   1.2696619e-18   1.2844874e-18   3.8770583e-19   3.7863321e-18
   8.3560302e+02   8.3125446e-19   1.2609216e-18   1.2756451e-18   3.8503689e-19   3.7602856e-18
   8.4722741e+02   8.2553214e-19   1.2522415e-18   1.2668636e-18   3.8238631e-19   3.7344187e-18
   8.5901352e+02   8.1984922e-19   1.2436211e-18   1.2581425e-18   3.7975398e-19   3.7087303e-18
   8.7096359e+02   8.1420542e-19   1.2350601e-18   1.2494816e-18   3.7713977e-19   3.6832192e-18
   8.8307990e+02   8.0860047e-19   1.2265580e-18   1.2408802e-18   3.7454356e-19   3.6578840e-18
   8.9536477e+02   8.0303410e-19   1.2181144e-18   1.2323380e-18   3.7196522e-19   3.6327237e-18
   9.0782053e+02   7.9750605e-19   1.2097290e-18   1.2238547e-18   3.6940463e-19   3.6077370e-18
   9.2044957e+02   7.9201606e-19   1.2014012e-18   1.2154297e-18   3.6686167e-19   3.5829228e-18
   9.3325430e+02   7.8656386e-19   1.1931309e-18   1.2070628e-18   3.6433621e-19   3.5582798e-18
   9.4623716e+02   7.8114919e-19   1.1849174e-18   1.1987534e-18   3.6182814e-19   3.5338070e-18
   9.5940063e+02   7.7577180e-19   1.1767605e-18   1.1905012e-18   3.5933733e-19   3.5095030e-18
   9.7274722e+02   7.7043142e-19   1.1686597e-18   1.1823059e-18   3.5686367e-19   3.4853669e-18
   9.8627949e+02   7.6512781e-19   1.1606147e-18   1.1741669e-18   3.5440704e-19   3.4613974e-18
   1.0000000e+03   7.5986071e-19   1.1526251e-18   1.1660840e-18   3.5196732e-19   3.4375933e-18
   1.0139114e+03   7.5462986e-19   1.1446905e-18   1.1580568e-18   3.4954439e-19   3.4139537e-18
   1.0280163e+03   7.4943503e-19   1.1368105e-18   1.1500848e-18   3.4713814e-19   3.3904773e-18
   1.0423174e+03   7.4427595e-19   1.1289848e-18   1.1421676e-18   3.4474846e-19   3.3671630e-18
   1.0568175e+03   7.3915239e-19   1.1212129e-18   1.1343050e-18   3.4237523e-19   3.3440098e-18
   1.0715193e+03   7.3406410e-19   1.1134945e-18   1.1264965e-18   3.4001834e-19   3.3210165e-18
   1.0864256e+03   7.2901084e-19   1.1058293e-18   1.1187418e-18   3.3767767e-19   3.2981820e-18
   1.1015393e+03   7.2399237e-19   1.0982168e-18   1.1110404e-18   3.3535311e-19   3.2755053e-18
   1.1168632e+03   7.1900844e-19   1.0906567e-18   1.1033920e-18   3.3304455e-19   3.2529853e-18
   1.1324004e+03   7.1405882e-19   1.0831487e-18   1.0957963e-18   3.3075189e-19   3.2306209e-18
   1.1481536e+03   7.0914327e-19   1.0756923e-18   1.0882529e-18   3.2847501e-19   3.2084111e-18
   1.1641260e+03   7.0426156e-19   1.0682873e-18   1.0807615e-18   3.2621381e-19   3.1863548e-18
   1.1803206e+03   6.9941346e-19   1.0609333e-18   1.0733216e-18   3.2396817e-19   3.1644510e-18
   1.1967405e+03   6.9459873e-19   1.0536299e-18   1.0659329e-18   3.2173798e-19   3.1426986e-18
   1.2133889e+03   6.8981715e-19   1.0463767e-18   1.0585950e-18   3.1952316e-19   3.1210966e-18
   1.2302688e+03   6.8506848e-19   1.0391735e-18   1.0513077e-18   3.1732357e-19   3.0996439e-18
   1.2473835e+03   6.8035250e-19   1.0320199e-18   1.0440706e-18   3.1513913e-19   3.0783397e-18
   1.2647363e+03   6.7566899e-19   1.0249155e-18   1.0368832e-18   3.1296973e-19   3.0571828e-18
   1.2823306e+03   6.7101772e-19   1.0178601e-18   1.0297454e-18   3.1081526e-19   3.0361723e-18
   1.3001696e+03   6.6639846e-19   1.0108532e-18   1.0226567e-18   3.0867563e-19   3.0153071e-18
   1.3182567e+03   6.6181101e-19   1.0038945e-18   1.0156167e-18   3.0655072e-19   2.9945863e-18
   1.3365955e+03   6.5725513e-19   9.9698374e-19   1.0086253e-18   3.0444044e-19   2.9740089e-18
   1.3551894e+03   6.5273062e-19   9.9012055e-19   1.0016820e-18   3.0234468e-19   2.9535740e-18
   1.3740420e+03   6.4823726e-19   9.8330461e-19   9.9478642e-19   3.0026336e-19   2.9332805e-18
   1.3931568e+03   6.4377482e-19   9.7653559e-19   9.8793836e-19   2.9819636e-19   2.9131275e-18
   1.4125375e+03   6.3934311e-19   9.6981317e-19   9.8113744e-19   2.9614359e-19   2.8931141e-18
   1.4321879e+03   6.3494190e-19   9.6313702e-19   9.7438334e-19   2.9410495e-19   2.8732394e-18
   1.4521116e+03   6.3057099e-19   9.5650683e-19   9.6767573e-19   2.9208035e-19   2.8535023e-18
   1.4723125e+03   6.2623017e-19   9.4992228e-19   9.6101430e-19   2.9006968e-19   2.8339019e-18
   1.4927944e+03   6.2191923e-19   9.4338307e-19   9.5439872e-19   2.8807286e-19   2.8144374e-18
   1.5135612e+03   6.1763797e-19   9.3688886e-19   9.4782869e-19   2.8608978e-19   2.7951078e-18
   1.5346170e+03   6.1338618e-19   9.3043936e-19   9.4130388e-19   2.8412035e-19   2.7759122e-18
   1.5559656e+03   6.0916366e-19   9.2403427e-19   9.3482399e-19   2.8216448e-19   2.7568497e-18
   1.5776113e+03   6.0497021e-19   9.1767326e-19   9.2838871e-19   2.8022207e-19   2.7379194e-18
   1.5995580e+03   6.0080562e-19   9.1135604e-19   9.2199772e-19   2.7829303e-19   2.7191205e-18
   1.6218101e+03   5.9666970e-19   9.0508231e-19   9.1565074e-19   2.7637728e-19   2.7004519e-18
   1.6443717e+03   5.9256226e-19   8.9885177e-19   9.0934744e-19   2.7447471e-19   2.6819129e-18
   1.6672472e+03   5.8848309e-19   8.9266411e-19   9.0308754e-19   2.7258524e-19   2.6635026e-18
   1.6904409e+03   5.8443200e-19   8.8651906e-19   8.9687073e-19   2.7070878e-19   2.6452202e-18
   1.7139573e+03   5.8040880e-19   8.8041630e-19   8.9069671e-19   2.6884523e-19   2.6270647e-18
   1.7378008e+03   5.7641329e-19   8.7435556e-19   8.8456520e-19   2.6699451e-19   2.6090353e-18
   1.7619760e+03   5.7244529e-19   8.6833654e-19   8.7847590e-19   2.6515654e-19   2.5911312e-18
   1.7864876e+03   5.6850461e-19   8.6235895e-19   8.7242851e-19   2.6333121e-19   2.5733515e-18
   1.8113401e+03   5.6459105e-19   8.5642251e-19   8.6642275e-19   2.6151845e-19   2.5556954e-18
   1.8365383e+03   5.6070443e-19   8.5052694e-19   8.6045834e-19   2.5971817e-19   2.5381621e-18
   1.8620871e+03   5.5684457e-19   8.4467196e-19   8.5453499e-19   2.5793028e-19   2.5207507e-18
   1.8879913e+03   5.5301128e-19   8.3885728e-19   8.4865241e-19   2.5615470e-19   2.5034605e-18
   1.9142559e+03   5.4920437e-19   8.3308262e-19   8.4281033e-19   2.5439135e-19   2.4862907e-18
   1.9408859e+03   5.4542368e-19   8.2734772e-19   8.3700846e-19   2.5264013e-19   2.4692404e-18
   1.9678863e+03   5.4166901e-19   8.2165230e-19   8.3124654e-19   2.5090097e-19   2.4523088e-18
   1.9952623e+03   5.3794018e-19   8.1599609e-19   8.2552428e-19   2.4917378e-19   2.4354951e-18
   2.0230192e+03   5.3423703e-19   8.1037881e-19   8.1984141e-19   2.4745848e-19   2.4187987e-18
   2.0511622e+03   5.3055937e-19   8.0480020e-19   8.1419766e-19   2.4575499e-19   2.4022186e-18
   2.0796967e+03   5.2690702e-19   7.9926000e-19   8.0859276e-19   2.4406322e-19   2.3857542e-18
   2.1086281e+03   5.2327982e-19   7.9375793e-19   8.0302645e-19   2.4238310e-19   2.3694046e-18
   2.1379621e+03   5.1967759e-19   7.8829374e-19   7.9749845e-19   2.4071455e-19   2.3531691e-18
   2.1677041e+03   5.1610015e-19   7.8286716e-19   7.9200851e-19   2.3905748e-19   2.3370470e-18
   2.1978599e+03   5.1254734e-19   7.7747794e-19   7.8655636e-19   2.3741182e-19   2.3210374e-18
   2.2284351e+03   5.0901899e-19   7.7212582e-19   7.8114175e-19   2.3577749e-19   2.3051397e-18
   2.2594358e+03   5.0551493e-19   7.6681054e-19   7.7576441e-19   2.3415441e-19   2.2893532e-18
   2.2908677e+03   5.0203499e-19   7.6153186e-19   7.7042408e-19   2.3254250e-19   2.2736770e-18
   2.3227368e+03   4.9857901e-19   7.5628951e-19   7.6512052e-19   2.3094169e-19   2.2581105e-18
   2.3550493e+03   4.9514681e-19   7.5108325e-19   7.5985347e-19   2.2935190e-19   2.2426530e-18
   2.3878113e+03   4.9173825e-19   7.4591283e-19   7.5462267e-19   2.2777305e-19   2.2273037e-18
   2.4210290e+03   4.8835314e-19   7.4077800e-19   7.4942789e-19   2.2620507e-19   2.2120620e-18
   2.4547089e+03   4.8499134e-19   7.3567852e-19   7.4426886e-19   2.2464789e-19   2.1969271e-18
   2.4888573e+03   4.8165269e-19   7.3061415e-19   7.3914535e-19   2.2310142e-19   2.1818983e-18
   2.5234808e+03   4.7833701e-19   7.2558463e-19   7.3405711e-19   2.2156560e-19   2.1669749e-18
   2.5585859e+03   4.7504416e-19   7.2058974e-19   7.2900390e-19   2.2004036e-19   2.1521564e-18
   2.5941794e+03   4.7177398e-19   7.1562924e-19   7.2398547e-19   2.1852561e-19   2.1374419e-18
   2.6302680e+03   4.6852631e-19   7.1070288e-19   7.1900159e-19   2.1702129e-19   2.1228308e-18
   2.6668587e+03   4.6530100e-19   7.0581044e-19   7.1405202e-19   2.1552732e-19   2.1083225e-18
   2.7039584e+03   4.6209789e-19   7.0095167e-19   7.0913652e-19   2.1404364e-19   2.0939163e-18
   2.7415742e+03   4.5891683e-19   6.9612635e-19   7.0425485e-19   2.1257018e-19   2.0796115e-18
   2.7797133e+03   4.5575767e-19   6.9133425e-19   6.9940680e-19   2.1110686e-19   2.0654075e-18
   2.8183829e+03   4.5262026e-19   6.8657514e-19   6.9459212e-19   2.0965361e-19   2.0513036e-18
   2.8575905e+03   4.4950444e-19   6.8184879e-19   6.8981058e-19   2.0821036e-19   2.0372993e-18
   2.8973436e+03   4.4641007e-19   6.7715498e-19   6.8506195e-19   2.0677705e-19   2.0233937e-18
   2.9376497e+03   4.4333701e-19   6.7249348e-19   6.8034602e-19   2.0535361e-19   2.0095865e-18
   2.9785164e+03   4.4028510e-19   6.6786406e-19   6.7566255e-19   2.0393996e-19   1.9958768e-18
   3.0199517e+03   4.3725420e-19   6.6326652e-19   6.7101132e-19   2.0253605e-19   1.9822641e-18
   3.0619634e+03   4.3424416e-19   6.5870063e-19   6.6639211e-19   2.0114180e-19   1.9687478e-18
   3.1045596e+03   4.3125484e-19   6.5416616e-19   6.6180470e-19   1.9975715e-19   1.9553273e-18
   3.1477483e+03   4.2828611e-19   6.4966291e-19   6.5724887e-19   1.9838203e-19   1.9420020e-18
   3.1915379e+03   4.2533781e-19   6.4519067e-19   6.5272440e-19   1.9701638e-19   1.9287712e-18
   3.2359366e+03   4.2240980e-19   6.4074921e-19   6.4823108e-19   1.9566013e-19   1.9156344e-18
   3.2809529e+03   4.1950195e-19   6.3633832e-19   6.4376869e-19   1.9431321e-19   1.9025910e-18
   3.3265955e+03   4.1661412e-19   6.3195780e-19   6.3933702e-19   1.9297557e-19   1.8896405e-18
   3.3728731e+03   4.1374617e-19   6.2760743e-19   6.3493585e-19   1.9164714e-19   1.8767822e-18
   3.4197944e+03   4.1089796e-19   6.2328701e-19   6.3056498e-19   1.9032785e-19   1.8640155e-18
   3.4673685e+03   4.0806936e-19   6.1899633e-19   6.2622420e-19   1.8901764e-19   1.8513400e-18
   3.5156044e+03   4.0526023e-19   6.1473519e-19   6.2191331e-19   1.8771645e-19   1.8387551e-18
   3.5645113e+03   4.0247044e-19   6.1050338e-19   6.1763209e-19   1.8642422e-19   1.8262601e-18
   3.6140986e+03   3.9969985e-19   6.0630071e-19   6.1338034e-19   1.8514089e-19   1.8138546e-18
   3.6643757e+03   3.9694834e-19   6.0212696e-19   6.0915786e-19   1.8386638e-19   1.8015381e-18
   3.7153523e+03   3.9421576e-19   5.9798195e-19   6.0496444e-19   1.8260066e-19   1.7893099e-18
   3.7670380e+03   3.9150200e-19   5.9386547e-19   6.0079990e-19   1.8134364e-19   1.7771695e-18
   3.8194427e+03   3.8880692e-19   5.8977733e-19   5.9666402e-19   1.8009528e-19   1.7651165e-18
   3.8725764e+03   3.8613039e-19   5.8571733e-19   5.9255661e-19   1.7885552e-19   1.7531502e-18
   3.9264494e+03   3.8347229e-19   5.8168528e-19   5.8847748e-19   1.7762428e-19   1.7412703e-18
   3.9810717e+03   3.8083249e-19   5.7768099e-19   5.8442643e-19   1.7640153e-19   1.7294761e-18
   4.0364539e+03   3.7821085e-19   5.7370426e-19   5.8040327e-19   1.7518719e-19   1.7177672e-18
   4.0926066e+03   3.7560727e-19   5.6975491e-19   5.7640780e-19   1.7398121e-19   1.7061431e-18
   4.1495404e+03   3.7302161e-19   5.6583274e-19   5.7243984e-19   1.7278353e-19   1.6946032e-18
   4.2072663e+03   3.7045374e-19   5.6193758e-19   5.6849919e-19   1.7159409e-19   1.6831471e-18
   4.2657952e+03   3.6790356e-19   5.5806923e-19   5.6458567e-19   1.7041285e-19   1.6717744e-18
   4.3251383e+03   3.6537093e-19   5.5422751e-19   5.6069909e-19   1.6923974e-19   1.6604844e-18
   4.3853070e+03   3.6285573e-19   5.5041223e-19   5.5683926e-19   1.6807470e-19   1.6492768e-18
   4.4463127e+03   3.6035785e-19   5.4662322e-19   5.5300601e-19   1.6691768e-19   1.6381511e-18
   4.5081670e+03   3.5787716e-19   5.4286029e-19   5.4919914e-19   1.6576863e-19   1.6271068e-18
   4.5708819e+03   3.5541355e-19   5.3912327e-19   5.4541848e-19   1.6462748e-19   1.6161435e-18
   4.6344692e+03   3.5296691e-19   5.3541197e-19   5.4166385e-19   1.6349419e-19   1.6052607e-18
   4.6989411e+03   3.5053710e-19   5.3172622e-19   5.3793506e-19   1.6236871e-19   1.5944580e-18
   4.7643099e+03   3.4812402e-19   5.2806584e-19   5.3423194e-19   1.6125097e-19   1.5837349e-18
   4.8305880e+03   3.4572755e-19   5.2443066e-19   5.3055431e-19   1.6014093e-19   1.5730910e-18
   4.8977882e+03   3.4334758e-19   5.2082051e-19   5.2690200e-19   1.5903852e-19   1.5625259e-18
   4.9659232e+03   3.4098399e-19   5.1723520e-19   5.2327483e-19   1.5794371e-19   1.5520391e-18
   5.0350061e+03   3.3863667e-19   5.1367458e-19   5.1967264e-19   1.5685643e-19   1.5416303e-18
   5.1050500e+03   3.3630551e-19   5.1013847e-19   5.1609523e-19   1.5577664e-19   1.5312990e-18
   5.1760683e+03   3.3399040e-19   5.0662670e-19   5.1254246e-19   1.5470428e-19   1.5210448e-18
   5.2480746e+03   3.3169123e-19   5.0313911e-19   5.0901414e-19   1.5363931e-19   1.5108673e-18
   5.3210826e+03   3.2940788e-19   4.9967552e-19   5.0551011e-19   1.5258166e-19   1.5007662e-18
   5.3951062e+03   3.2714025e-19   4.9623578e-19   5.0203021e-19   1.5153130e-19   1.4907410e-18
   5.4701596e+03   3.2488824e-19   4.9281972e-19   4.9857426e-19   1.5048816e-19   1.4807913e-18
   5.5462571e+03   3.2265172e-19   4.8942717e-19   4.9514209e-19   1.4945221e-19   1.4709168e-18
   5.6234133e+03   3.2043060e-19   4.8605798e-19   4.9173356e-19   1.4842339e-19   1.4611171e-18
   5.7016427e+03   3.1822477e-19   4.8271198e-19   4.8834849e-19   1.4740165e-19   1.4513918e-18
   5.7809605e+03   3.1603413e-19   4.7938901e-19   4.8498672e-19   1.4638694e-19   1.4417406e-18
   5.8613816e+03   3.1385857e-19   4.7608892e-19   4.8164810e-19   1.4537922e-19   1.4321632e-18
   5.9429216e+03   3.1169798e-19   4.7281155e-19   4.7833246e-19   1.4437844e-19   1.4226591e-18
   6.0255959e+03   3.0955227e-19   4.6955674e-19   4.7503964e-19   1.4338454e-19   1.4132281e-18
   6.1094202e+03   3.0742132e-19   4.6632433e-19   4.7176949e-19   1.4239749e-19   1.4038697e-18
   6.1944108e+03   3.0530505e-19   4.6311418e-19   4.6852185e-19   1.4141723e-19   1.3945838e-18
   6.2805836e+03   3.0320334e-19   4.5992612e-19   4.6529657e-19   1.4044372e-19   1.3853699e-18
   6.3679552e+03   3.0111611e-19   4.5676001e-19   4.6209349e-19   1.3947692e-19   1.3762277e-18
   6.4565423e+03   2.9904324e-19   4.5361570e-19   4.5891246e-19   1.3851676e-19   1.3671570e-18
   6.5463617e+03   2.9698464e-19   4.5049303e-19   4.5575333e-19   1.3756322e-19   1.3581574e-18
   6.6374307e+03   2.9494021e-19   4.4739186e-19   4.5261594e-19   1.3661624e-19   1.3492287e-18
   6.7297666e+03   2.9290986e-19   4.4431203e-19   4.4950016e-19   1.3567578e-19   1.3403705e-18
   6.8233869e+03   2.9089348e-19   4.4125341e-19   4.4640582e-19   1.3474180e-19   1.3315825e-18
   6.9183097e+03   2.8889098e-19   4.3821584e-19   4.4333279e-19   1.3381424e-19   1.3228646e-18
   7.0145530e+03   2.8690227e-19   4.3519919e-19   4.4028090e-19   1.3289307e-19   1.3142163e-18
   7.1121351e+03   2.8492725e-19   4.3220330e-19   4.3725003e-19   1.3197824e-19   1.3056376e-18
   7.2110748e+03   2.8296582e-19   4.2922803e-19   4.3424002e-19   1.3106971e-19   1.2971280e-18
   7.3113908e+03   2.8101790e-19   4.2627325e-19   4.3125074e-19   1.3016743e-19   1.2886874e-18
   7.4131024e+03   2.7908339e-19   4.2333880e-19   4.2828203e-19   1.2927137e-19   1.2803155e-18
   7.5162289e+03   2.7716219e-19   4.2042456e-19   4.2533375e-19   1.2838147e-19   1.2720122e-18
   7.6207901e+03   2.7525422e-19   4.1753038e-19   4.2240578e-19   1.2749770e-19   1.2637770e-18
   7.7268059e+03   2.7335938e-19   4.1465612e-19   4.1949796e-19   1.2662001e-19   1.2556100e-18
   7.8342964e+03   2.7147759e-19   4.1180164e-19   4.1661015e-19   1.2574836e-19   1.2475108e-18
   7.9432823e+03   2.6960875e-19   4.0896682e-19   4.1374223e-19   1.2488272e-19   1.2394792e-18
   8.0537844e+03   2.6775278e-19   4.0615151e-19   4.1089405e-19   1.2402303e-19   1.2315151e-18
   8.1658237e+03   2.6590958e-19   4.0335559e-19   4.0806547e-19   1.2316926e-19   1.2236182e-18
   8.2794216e+03   2.6407907e-19   4.0057891e-19   4.0525637e-19   1.2232137e-19   1.2157885e-18
   8.3945999e+03   2.6226117e-19   3.9782134e-19   4.0246660e-19   1.2147932e-19   1.2080257e-18
   8.5113804e+03   2.6045577e-19   3.9508276e-19   3.9969604e-19   1.2064306e-19   1.2003296e-18
   8.6297855e+03   2.5866281e-19   3.9236303e-19   3.9694456e-19   1.1981256e-19   1.1927002e-18
   8.7498378e+03   2.5688219e-19   3.8966202e-19   3.9421201e-19   1.1898777e-19   1.1851372e-18
   8.8715601e+03   2.5511382e-19   3.8697960e-19   3.9149827e-19   1.1816867e-19   1.1776406e-18
   8.9949758e+03   2.5335763e-19   3.8431566e-19   3.8880322e-19   1.1735520e-19   1.1702103e-18
   9.1201084e+03   2.5161353e-19   3.8167005e-19   3.8612671e-19   1.1654733e-19   1.1628461e-18
   9.2469817e+03   2.4988143e-19   3.7904265e-19   3.8346864e-19   1.1574503e-19   1.1555479e-18
   9.3756201e+03   2.4816126e-19   3.7643334e-19   3.8082886e-19   1.1494824e-19   1.1483156e-18
   9.5060479e+03   2.4645293e-19   3.7384199e-19   3.7820725e-19   1.1415694e-19   1.1411492e-18
   9.6382902e+03   2.4475636e-19   3.7126848e-19   3.7560369e-19   1.1337109e-19   1.1340486e-18
   9.7723722e+03   2.4307147e-19   3.6871268e-19   3.7301805e-19   1.1259065e-19   1.1270137e-18
   9.9083194e+03   2.4139818e-19   3.6617448e-19   3.7045021e-19   1.1181558e-19   1.1200445e-18
   1.0046158e+04   2.3973640e-19   3.6365375e-19   3.6790005e-19   1.1104585e-19   1.1131410e-18
   1.0185914e+04   2.3808607e-19   3.6115038e-19   3.6536745e-19   1.1028142e-19   1.1063030e-18
   1.0327614e+04   2.3644710e-19   3.5866424e-19   3.6285227e-19   1.0952224e-19   1.0995307e-18
   1.0471285e+04   2.3481941e-19   3.5619521e-19   3.6035442e-19   1.0876830e-19   1.0928241e-18
   1.0616956e+04   2.3320292e-19   3.5374318e-19   3.5787375e-19   1.0801954e-19   1.0861830e-18
   1.0764652e+04   2.3159756e-19   3.5130803e-19   3.5541017e-19   1.0727594e-19   1.0796077e-18
   1.0914403e+04   2.3000326e-19   3.4888964e-19   3.5296354e-19   1.0653746e-19   1.0730980e-18
   1.1066238e+04   2.2841993e-19   3.4648790e-19   3.5053376e-19   1.0580406e-19   1.0666541e-18
   1.1220185e+04   2.2684749e-19   3.4410270e-19   3.4812070e-19   1.0507571e-19   1.0602761e-18
   1.1376273e+04   2.2528589e-19   3.4173391e-19   3.4572425e-19   1.0435237e-19   1.0539640e-18
   1.1534533e+04   2.2373503e-19   3.3938143e-19   3.4334431e-19   1.0363402e-19   1.0477179e-18
   1.1694994e+04   2.2219485e-19   3.3704515e-19   3.4098074e-19   1.0292061e-19   1.0415380e-18
   1.1857687e+04   2.2066527e-19   3.3472494e-19   3.3863345e-19   1.0221211e-19   1.0354243e-18
   1.2022644e+04   2.1914622e-19   3.3242071e-19   3.3630231e-19   1.0150848e-19   1.0293771e-18
   1.2189896e+04   2.1763763e-19   3.3013234e-19   3.3398722e-19   1.0080970e-19   1.0233965e-18
   1.2359474e+04   2.1613942e-19   3.2785973e-19   3.3168807e-19   1.0011573e-19   1.0174827e-18
   1.2531412e+04   2.1465153e-19   3.2560276e-19   3.2940474e-19   9.9426542e-20   1.0116359e-18
   1.2705741e+04   2.1317388e-19   3.2336133e-19   3.2713714e-19   9.8742095e-20   1.0058563e-18
   1.2882496e+04   2.1170640e-19   3.2113532e-19   3.2488514e-19   9.8062359e-20   1.0001443e-18
   1.3061709e+04   2.1024902e-19   3.1892464e-19   3.2264865e-19   9.7387303e-20   9.9449994e-19
   1.3243415e+04   2.0880168e-19   3.1672918e-19   3.2042755e-19   9.6716893e-20   9.8892366e-19
   1.3427650e+04   2.0736430e-19   3.1454883e-19   3.1822174e-19   9.6051099e-20   9.8341575e-19
   1.3614447e+04   2.0593681e-19   3.1238349e-19   3.1603112e-19   9.5389888e-20   9.7797653e-19
   1.3803843e+04   2.0451915e-19   3.1023306e-19   3.1385558e-19   9.4733228e-20   9.7260638e-19
   1.3995873e+04   2.0311125e-19   3.0809743e-19   3.1169501e-19   9.4081089e-20   9.6730568e-19
   1.4190575e+04   2.0171305e-19   3.0597650e-19   3.0954932e-19   9.3433440e-20   9.6207485e-19
   1.4387986e+04   2.0032446e-19   3.0387018e-19   3.0741839e-19   9.2790248e-20   9.5691433e-19
   1.4588143e+04   1.9894544e-19   3.0177835e-19   3.0530214e-19   9.2151485e-20   9.5182460e-19
   1.4791084e+04   1.9757591e-19   2.9970092e-19   3.0320046e-19   9.1517118e-20   9.4680616e-19
   1.4996848e+04   1.9621581e-19   2.9763779e-19   3.0111324e-19   9.0887119e-20   9.4185955e-19
   1.5205475e+04   1.9486507e-19   2.9558887e-19   2.9904039e-19   9.0261456e-20   9.3698534e-19
   1.5417005e+04   1.9352362e-19   2.9355405e-19   2.9698181e-19   8.9640101e-20   9.3218412e-19
   1.5631476e+04   1.9219142e-19   2.9153324e-19   2.9493740e-19   8.9023023e-20   9.2745655e-19
   1.5848932e+04   1.9086838e-19   2.8952634e-19   2.9290707e-19   8.8410193e-20   9.2280329e-19
   1.6069413e+04   1.8955445e-19   2.8753325e-19   2.9089071e-19   8.7801581e-20   9.1822507e-19
   1.6292960e+04   1.8824957e-19   2.8555389e-19   2.8888823e-19   8.7197159e-20   9.1372265e-19
   1.6519618e+04   1.8695367e-19   2.8358815e-19   2.8689954e-19   8.6596898e-20   9.0929682e-19
   1.6749429e+04   1.8566669e-19   2.8163594e-19   2.8492454e-19   8.6000769e-20   9.0494845e-19
   1.6982437e+04   1.8438857e-19   2.7969717e-19   2.8296313e-19   8.5408744e-20   9.0067842e-19
   1.7218686e+04   1.8311924e-19   2.7777175e-19   2.8101522e-19   8.4820795e-20   8.9648768e-19
   1.7458222e+04   1.8185866e-19   2.7585958e-19   2.7908073e-19   8.4236892e-20   8.9237724e-19
   1.7701090e+04   1.8060675e-19   2.7396058e-19   2.7715955e-19   8.3657010e-20   8.8834815e-19
   1.7947336e+04   1.7936347e-19   2.7207465e-19   2.7525160e-19   8.3081119e-20   8.8440153e-19
   1.8197009e+04   1.7812874e-19   2.7020170e-19   2.7335678e-19   8.2509193e-20   8.8053856e-19
   1.8450154e+04   1.7690251e-19   2.6834164e-19   2.7147500e-19   8.1941203e-20   8.7676047e-19
   1.8706821e+04   1.7568472e-19   2.6649439e-19   2.6960618e-19   8.1377124e-20   8.7306859e-19
   1.8967059e+04   1.7447531e-19   2.6465986e-19   2.6775023e-19   8.0816928e-20   8.6946430e-19
   1.9230917e+04   1.7327423e-19   2.6283795e-19   2.6590705e-19   8.0260588e-20   8.6594906e-19
   1.9498446e+04   1.7208142e-19   2.6102859e-19   2.6407656e-19   7.9708078e-20   8.6252441e-19
   1.9769696e+04   1.7089682e-19   2.5923168e-19   2.6225867e-19   7.9159371e-20   8.5919198e-19
   2.0044720e+04   1.6972038e-19   2.5744714e-19   2.6045329e-19   7.8614442e-20   8.5595351e-19
   2.0323570e+04   1.6855203e-19   2.5567489e-19   2.5866034e-19   7.8073264e-20   8.5281080e-19
   2.0606299e+04   1.6739173e-19   2.5391484e-19   2.5687974e-19   7.7535812e-20   8.4976577e-19
   2.0892961e+04   1.6623941e-19   2.5216690e-19   2.5511139e-19   7.7002059e-20   8.4682046e-19
   2.1183611e+04   1.6509503e-19   2.5043099e-19   2.5335522e-19   7.6471980e-20   8.4397702e-19
   2.1478305e+04   1.6395852e-19   2.4870704e-19   2.5161113e-19   7.5945551e-20   8.4123770e-19
   2.1777098e+04   1.6282984e-19   2.4699495e-19   2.4987905e-19   7.5422745e-20   8.3860492e-19
   2.2080047e+04   1.6170892e-19   2.4529465e-19   2.4815890e-19   7.4903539e-20   8.3608121e-19
   2.2387211e+04   1.6059573e-19   2.4360605e-19   2.4645058e-19   7.4387907e-20   8.3366926e-19
   2.2698649e+04   1.5949019e-19   2.4192908e-19   2.4475403e-19   7.3875824e-20   8.3137192e-19
   2.3014418e+04   1.5839227e-19   2.4026365e-19   2.4306915e-19   7.3367266e-20   8.2919221e-19
   2.3334581e+04   1.5730191e-19   2.3860969e-19   2.4139588e-19   7.2862210e-20   8.2713332e-19
   2.3659197e+04   1.5621905e-19   2.3696711e-19   2.3973412e-19   7.2360630e-20   8.2519866e-19
   2.3988329e+04   1.5514364e-19   2.3533584e-19   2.3808380e-19   7.1862503e-20   8.2339182e-19
   2.4322040e+04   1.5407564e-19   2.3371580e-19   2.3644484e-19   7.1367805e-20   8.2171663e-19
   2.4660393e+04   1.5301499e-19   2.3210691e-19   2.3481717e-19   7.0876512e-20   8.2017716e-19
   2.5003454e+04   1.5196165e-19   2.3050910e-19   2.3320070e-19   7.0388602e-20   8.1877773e-19
   2.5351286e+04   1.5091555e-19   2.2892229e-19   2.3159536e-19   6.9904050e-20   8.1752294e-19
   2.5703958e+04   1.4987665e-19   2.2734640e-19   2.3000107e-19   6.9422834e-20   8.1641770e-19
   2.6061535e+04   1.4884491e-19   2.2578136e-19   2.2841775e-19   6.8944930e-20   8.1546722e-19
   2.6424088e+04   1.4782027e-19   2.2422709e-19   2.2684533e-19   6.8470317e-20   8.1467708e-19
   2.6791683e+04   1.4680268e-19   2.2268352e-19   2.2528374e-19   6.7998970e-20   8.1405323e-19
   2.7164393e+04   1.4579210e-19   2.2115058e-19   2.2373290e-19   6.7530869e-20   8.1360203e-19
   2.7542287e+04   1.4478847e-19   2.1962819e-19   2.2219273e-19   6.7065990e-20   8.1333027e-19
   2.7925438e+04   1.4379176e-19   2.1811628e-19   2.2066317e-19   6.6604311e-20   8.1324524e-19
   2.8313920e+04   1.4280190e-19   2.1661478e-19   2.1914413e-19   6.6145810e-20   8.1335473e-19
   2.8707806e+04   1.4181886e-19   2.1512361e-19   2.1763556e-19   6.5690465e-20   8.1366712e-19
   2.9107171e+04   1.4084258e-19   2.1364271e-19   2.1613736e-19   6.5238255e-20   8.1419139e-19
   2.9512092e+04   1.3987303e-19   2.1217200e-19   2.1464948e-19   6.4789158e-20   8.1493722e-19
   2.9922646e+04   1.3891015e-19   2.1071142e-19   2.1317185e-19   6.4343153e-20   8.1591500e-19
   3.0338912e+04   1.3795390e-19   2.0926089e-19   2.1170438e-19   6.3900218e-20   8.1713595e-19
   3.0760968e+04   1.3700423e-19   2.0782035e-19   2.1024702e-19   6.3460332e-20   8.1861218e-19
   3.1188896e+04   1.3606110e-19   2.0638973e-19   2.0879969e-19   6.3023474e-20   8.2035678e-19
   3.1622777e+04   1.3512446e-19   2.0496895e-19   2.0736232e-19   6.2589623e-20   8.2238391e-19
   3.2062693e+04   1.3419427e-19   2.0355795e-19   2.0593485e-19   6.2158759e-20   8.2470893e-19
   3.2508730e+04   1.3327049e-19   2.0215667e-19   2.0451721e-19   6.1730861e-20   8.2734849e-19
   3.2960971e+04   1.3235306e-19   2.0076503e-19   2.0310932e-19   6.1305909e-20   8.3032073e-19
   3.3419504e+04   1.3144195e-19   1.9938298e-19   2.0171112e-19   6.0883882e-20   8.3364540e-19
   3.3884416e+04   1.3053711e-19   1.9801043e-19   2.0032255e-19   6.0464760e-20   8.3734403e-19
   3.4355795e+04   1.2963850e-19   1.9664734e-19   1.9894354e-19   6.0048524e-20   8.4144020e-19
   3.4833732e+04   1.2874607e-19   1.9529363e-19   1.9757403e-19   5.9635153e-20   8.4595969e-19
   3.5318317e+04   1.2785979e-19   1.9394924e-19   1.9621394e-19   5.9224627e-20   8.5093085e-19
   3.5809644e+04   1.2697961e-19   1.9261410e-19   1.9486321e-19   5.8816928e-20   8.5638483e-19
   3.6307805e+04   1.2610549e-19   1.9128815e-19   1.9352178e-19   5.8412035e-20   8.6235599e-19
   3.6812897e+04   1.2523738e-19   1.8997134e-19   1.9218959e-19   5.8009929e-20   8.6888230e-19
   3.7325016e+04   1.2437526e-19   1.8866358e-19   1.9086656e-19   5.7610592e-20   8.7600584e-19
   3.7844258e+04   1.2351906e-19   1.8736483e-19   1.8955265e-19   5.7214003e-20   8.8377336e-19
   3.8370725e+04   1.2266876e-19   1.8607502e-19   1.8824777e-19   5.6820145e-20   8.9223691e-19
   3.8904514e+04   1.2182432e-19   1.8479409e-19   1.8695189e-19   5.6428998e-20   9.0145468e-19
   3.9445730e+04   1.2098568e-19   1.8352198e-19   1.8566492e-19   5.6040543e-20   9.1149189e-19
   3.9994475e+04   1.2015283e-19   1.8225862e-19   1.8438681e-19   5.5654763e-20   9.2242185e-19
   4.0550854e+04   1.1932570e-19   1.8100396e-19   1.8311750e-19   5.5271638e-20   9.3432733e-19
   4.1114972e+04   1.1850427e-19   1.7975794e-19   1.8185693e-19   5.4891151e-20   9.4730206e-19
   4.1686938e+04   1.1768849e-19   1.7852049e-19   1.8060503e-19   5.4513283e-20   9.6145263e-19
   4.2266861e+04   1.1687833e-19   1.7729157e-19   1.7936176e-19   5.4138016e-20   9.7690079e-19
   4.2854852e+04   1.1607374e-19   1.7607110e-19   1.7812704e-19   5.3765333e-20   9.9378622e-19
   4.3451022e+04   1.1527470e-19   1.7485903e-19   1.7690082e-19   5.3395215e-20   1.0122699e-18
   4.4055486e+04   1.1448115e-19   1.7365531e-19   1.7568304e-19   5.3027645e-20   1.0325386e-18
   4.4668359e+04   1.1369307e-19   1.7245988e-19   1.7447365e-19   5.2662605e-20   1.0548096e-18
   4.5289758e+04   1.1291041e-19   1.7127267e-19   1.7327258e-19   5.2300078e-20   1.0793380e-18
   4.5919801e+04   1.1213314e-19   1.7009364e-19   1.7207978e-19   5.1940047e-20   1.1064249e-18
   4.6558609e+04   1.1136122e-19   1.6892272e-19   1.7089519e-19   5.1582494e-20   1.1364280e-18
   4.7206304e+04   1.1059462e-19   1.6775987e-19   1.6971876e-19   5.1227403e-20   1.1697762e-18
   4.7863009e+04   1.0983329e-19   1.6660502e-19   1.6855042e-19   5.0874756e-20   1.2069875e-18
   4.8528850e+04   1.0907720e-19   1.6545812e-19   1.6739013e-19   5.0524536e-20   1.2486940e-18
   4.9203954e+04   1.0832632e-19   1.6431911e-19   1.6623783e-19   5.0176728e-20   1.2956750e-18
   4.9888449e+04   1.0758061e-19   1.6318795e-19   1.6509345e-19   4.9831314e-20   1.3489019e-18
   5.0582466e+04   1.0684003e-19   1.6206457e-19   1.6395696e-19   4.9488277e-20   1.4096021e-18
   5.1286138e+04   1.0610454e-19   1.6094892e-19   1.6282829e-19   4.9147602e-20   1.4793490e-18
   5.1999600e+04   1.0537413e-19   1.5984096e-19   1.6170738e-19   4.8809273e-20   1.5601926e-18
   5.2722986e+04   1.0464874e-19   1.5874062e-19   1.6059420e-19   4.8473272e-20   1.6548557e-18
   5.3456436e+04   1.0392834e-19   1.5764786e-19   1.5948867e-19   4.8139584e-20   1.7670334e-18
   5.4200089e+04   1.0321290e-19   1.5656262e-19   1.5839076e-19   4.7808194e-20   1.9018705e-18
   5.4954087e+04   1.0250239e-19   1.5548485e-19   1.5730041e-19   4.7479085e-20   2.0667487e-18
   5.5718575e+04   1.0179677e-19   1.5441450e-19   1.5621756e-19   4.7152241e-20   2.2726513e-18
   5.6493697e+04   1.0109600e-19   1.5335152e-19   1.5514217e-19   4.6827647e-20   2.5366632e-18
   5.7279603e+04   1.0040006e-19   1.5229585e-19   1.5407417e-19   4.6505288e-20   2.8868891e-18
   5.8076442e+04   9.9708914e-20   1.5124746e-19   1.5301354e-19   4.6185148e-20   3.3730405e-18
   5.8884366e+04   9.9022523e-20   1.5020628e-19   1.5196020e-19   4.5867211e-20   4.0921155e-18
   5.9703529e+04   9.8340857e-20   1.4917226e-19   1.5091411e-19   4.5551464e-20   5.2620458e-18
   6.0534087e+04   9.7663883e-20   1.4814537e-19   1.4987523e-19   4.5237890e-20   7.4945761e-18
   6.1376201e+04   9.6991569e-20   1.4712554e-19   1.4884349e-19   4.4926474e-20   1.3399169e-17
   6.2230029e+04   9.6323884e-20   1.4611274e-19   1.4781886e-19   4.4617203e-20   6.0118103e-17
   6.3095734e+04   9.5660795e-20   1.4510690e-19   1.4680128e-19   4.4310060e-20   1.8673547e-17
   6.3973484e+04   9.5002271e-20   1.4410800e-19   1.4579071e-19   4.4005032e-20   8.3405809e-18
   6.4863443e+04   9.4348280e-20   1.4311596e-19   1.4478709e-19   4.3702103e-20   5.2759339e-18
   6.5765784e+04   9.3698791e-20   1.4213076e-19   1.4379039e-19   4.3401260e-20   3.8138775e-18
   6.6680677e+04   9.3053773e-20   1.4115234e-19   1.4280054e-19   4.3102488e-20   2.9593141e-18
   6.7608298e+04   9.2413195e-20   1.4018065e-19   1.4181751e-19   4.2805772e-20   2.3993723e-18
   6.8548823e+04   9.1777027e-20   1.3921566e-19   1.4084124e-19   4.2511099e-20   2.0044767e-18
   6.9502432e+04   9.1145239e-20   1.3825730e-19   1.3987170e-19   4.2218455e-20   1.7112975e-18
   7.0469307e+04   9.0517799e-20   1.3730554e-19   1.3890883e-19   4.1927825e-20   1.4852214e-18
   7.1449633e+04   8.9894679e-20   1.3636034e-19   1.3795259e-19   4.1639196e-20   1.3057346e-18
   7.2443596e+04   8.9275849e-20   1.3542164e-19   1.3700293e-19   4.1352554e-20   1.1599080e-18
   7.3451387e+04   8.8661278e-20   1.3448941e-19   1.3605981e-19   4.1067885e-20   1.0391890e-18
   7.4473197e+04   8.8050938e-20   1.3356359e-19   1.3512318e-19   4.0785176e-20   9.3769415e-19
   7.5509223e+04   8.7444800e-20   1.3264414e-19   1.3419300e-19   4.0504412e-20   8.5124356e-19
   7.6559661e+04   8.6842834e-20   1.3173103e-19   1.3326922e-19   4.0225582e-20   7.7678582e-19
   7.7624712e+04   8.6245012e-20   1.3082420e-19   1.3235180e-19   3.9948671e-20   7.1204137e-19
   7.8704579e+04   8.5651306e-20   1.2992361e-19   1.3144070e-19   3.9673666e-20   6.5527296e-19
   7.9799469e+04   8.5061686e-20   1.2902922e-19   1.3053586e-19   3.9400555e-20   6.0513348e-19
   8.0909590e+04   8.4476126e-20   1.2814099e-19   1.2963726e-19   3.9129323e-20   5.6056224e-19
   8.2035154e+04   8.3894596e-20   1.2725887e-19   1.2874485e-19   3.8859959e-20   5.2071273e-19
   8.3176377e+04   8.3317070e-20   1.2638283e-19   1.2785857e-19   3.8592449e-20   4.8490115e-19
   8.4333476e+04   8.2743519e-20   1.2551282e-19   1.2697840e-19   3.8326780e-20   4.5256913e-19
   8.5506671e+04   8.2173917e-20   1.2464879e-19   1.2610429e-19   3.8062941e-20   4.2325621e-19
   8.6696188e+04   8.1608235e-20   1.2379072e-19   1.2523619e-19   3.7800917e-20   3.9657932e-19
   8.7902252e+04   8.1046448e-20   1.2293855e-19   1.2437407e-19   3.7540697e-20   3.7221718e-19
   8.9125094e+04   8.0488528e-20   1.2209224e-19   1.2351789e-19   3.7282269e-20   3.4989830e-19
   9.0364947e+04   7.9934449e-20   1.2125177e-19   1.2266759e-19   3.7025620e-20   3.2939172e-19
   9.1622049e+04   7.9384184e-20   1.2041708e-19   1.2182316e-19   3.6770737e-20   3.1049973e-19
   9.2896639e+04   7.8837707e-20   1.1958813e-19   1.2098453e-19   3.6517609e-20   2.9305208e-19
   9.4188960e+04   7.8294993e-20   1.1876489e-19   1.2015168e-19   3.6266224e-20   2.7690139e-19
   9.5499259e+04   7.7756014e-20   1.1794732e-19   1.1932456e-19   3.6016569e-20   2.6191942e-19
   9.6827786e+04   7.7220745e-20   1.1713538e-19   1.1850314e-19   3.5768633e-20   2.4799409e-19
   9.8174794e+04   7.6689161e-20   1.1632902e-19   1.1768737e-19   3.5522403e-20   2.3502701e-19
   9.9540542e+04   7.6161237e-20   1.1552822e-19   1.1687721e-19   3.5277868e-20   2.2293142e-19
   1.0092529e+05   7.5636946e-20   1.1473293e-19   1.1607264e-19   3.5035017e-20   2.1163056e-19
   1.0232930e+05   7.5116265e-20   1.1394311e-19   1.1527360e-19   3.4793838e-20   2.0105628e-19
   1.0375284e+05   7.4599169e-20   1.1315873e-19   1.1448006e-19   3.4554319e-20   1.9114783e-19
   1.0519619e+05   7.4085631e-20   1.1237975e-19   1.1369199e-19   3.4316449e-20   1.8185090e-19
   1.0665961e+05   7.3575630e-20   1.1160614e-19   1.1290933e-19   3.4080216e-20   1.7311681e-19
   1.0814340e+05   7.3069139e-20   1.1083785e-19   1.1213207e-19   3.3845609e-20   1.6490178e-19
   1.0964782e+05   7.2566134e-20   1.1007484e-19   1.1136016e-19   3.3612618e-20   1.5716633e-19
   1.1117317e+05   7.2066592e-20   1.0931709e-19   1.1059356e-19   3.3381230e-20   1.4987478e-19
   1.1271975e+05   7.1570489e-20   1.0856456e-19   1.0983224e-19   3.3151435e-20   1.4299480e-19
   1.1428783e+05   7.1077802e-20   1.0781721e-19   1.0907616e-19   3.2923222e-20   1.3649701e-19
   1.1587774e+05   7.0588505e-20   1.0707500e-19   1.0832529e-19   3.2696581e-20   1.3035470e-19
   1.1748976e+05   7.0102578e-20   1.0633790e-19   1.0757958e-19   3.2471499e-20   1.2454345e-19
   1.1912420e+05   6.9619995e-20   1.0560587e-19   1.0683901e-19   3.2247967e-20   1.1904100e-19
   1.2078138e+05   6.9140734e-20   1.0487889e-19   1.0610353e-19   3.2025973e-20   1.1382693e-19
   1.2246162e+05   6.8664773e-20   1.0415691e-19   1.0537312e-19   3.1805508e-20   1.0888252e-19
   1.2416523e+05   6.8192088e-20   1.0343990e-19   1.0464774e-19   3.1586560e-20   1.0419054e-19
   1.2589254e+05   6.7722657e-20   1.0272782e-19   1.0392735e-19   3.1369120e-20   9.9735171e-20
   1.2764388e+05   6.7256457e-20   1.0202065e-19   1.0321192e-19   3.1153177e-20   9.5501792e-20
   1.2941958e+05   6.6793467e-20   1.0131834e-19   1.0250141e-19   3.0938720e-20   9.1476915e-20
   1.3121999e+05   6.6333664e-20   1.0062087e-19   1.0179580e-19   3.0725739e-20   8.7648064e-20
   1.3304544e+05   6.5877026e-20   9.9928203e-20   1.0109504e-19   3.0514224e-20   8.4003684e-20
   1.3489629e+05   6.5423532e-20   9.9240302e-20   1.0039911e-19   3.0304166e-20   8.0533060e-20
   1.3677288e+05   6.4973160e-20   9.8557136e-20   9.9707964e-20   3.0095554e-20   7.7226239e-20
   1.3867558e+05   6.4525888e-20   9.7878674e-20   9.9021579e-20   2.9888377e-20   7.4073971e-20
   1.4060475e+05   6.4081694e-20   9.7204882e-20   9.8339920e-20   2.9682627e-20   7.1067642e-20
   1.4256076e+05   6.3640559e-20   9.6535728e-20   9.7662952e-20   2.9478293e-20   6.8199225e-20
   1.4454398e+05   6.3202461e-20   9.5871181e-20   9.6990645e-20   2.9275366e-20   6.5461230e-20
   1.4655478e+05   6.2767378e-20   9.5211208e-20   9.6322967e-20   2.9073836e-20   6.2846662e-20
   1.4859356e+05   6.2335290e-20   9.4555779e-20   9.5659884e-20   2.8873693e-20   6.0348980e-20
   1.5066071e+05   6.1906177e-20   9.3904861e-20   9.5001366e-20   2.8674928e-20   5.7962063e-20
   1.5275661e+05   6.1480018e-20   9.3258425e-20   9.4347381e-20   2.8477531e-20   5.5680176e-20
   1.5488166e+05   6.1056793e-20   9.2616438e-20   9.3697898e-20   2.8281493e-20   5.3497940e-20
   1.5703628e+05   6.0636481e-20   9.1978871e-20   9.3052886e-20   2.8086805e-20   5.1410309e-20
   1.5922087e+05   6.0219062e-20   9.1345693e-20   9.2412315e-20   2.7893457e-20   4.9412540e-20
   1.6143586e+05   5.9804517e-20   9.0716874e-20   9.1776153e-20   2.7701439e-20   4.7500176e-20
   1.6368165e+05   5.9392826e-20   9.0092383e-20   9.1144370e-20   2.7510744e-20   4.5669024e-20
   1.6595869e+05   5.8983968e-20   8.9472192e-20   9.0516937e-20   2.7321361e-20   4.3915133e-20
   1.6826741e+05   5.8577925e-20   8.8856270e-20   8.9893823e-20   2.7133283e-20   4.2234780e-20
   1.7060824e+05   5.8174678e-20   8.8244587e-20   8.9274998e-20   2.6946498e-20   4.0624457e-20
   1.7298164e+05   5.7774206e-20   8.7637116e-20   8.8660433e-20   2.6761000e-20   3.9080851e-20
   1.7538805e+05   5.7376491e-20   8.7033826e-20   8.8050099e-20   2.6576779e-20   3.7600833e-20
   1.7782794e+05   5.6981514e-20   8.6434689e-20   8.7443967e-20   2.6393825e-20   3.6181447e-20
   1.8030177e+05   5.6589256e-20   8.5839677e-20   8.6842006e-20   2.6212131e-20   3.4819897e-20
   1.8281002e+05   5.6199699e-20   8.5248761e-20   8.6244190e-20   2.6031688e-20   3.3513538e-20
   1.8535316e+05   5.5812823e-20   8.4661913e-20   8.5650489e-20   2.5852488e-20   3.2259867e-20
   1.8793168e+05   5.5428610e-20   8.4079104e-20   8.5060876e-20   2.5674520e-20   3.1056511e-20
   1.9054607e+05   5.5047042e-20   8.3500308e-20   8.4475321e-20   2.5497778e-20   2.9901220e-20
   1.9319683e+05   5.4668101e-20   8.2925496e-20   8.3893797e-20   2.5322253e-20   2.8791864e-20
   1.9588447e+05   5.4291768e-20   8.2354641e-20   8.3316276e-20   2.5147935e-20   2.7726417e-20
   1.9860949e+05   5.3918026e-20   8.1787715e-20   8.2742731e-20   2.4974818e-20   2.6702959e-20
   2.0137242e+05   5.3546857e-20   8.1224693e-20   8.2173134e-20   2.4802893e-20   2.5719666e-20
   2.0417379e+05   5.3178243e-20   8.0665546e-20   8.1607458e-20   2.4632151e-20   2.4774803e-20
   2.0701413e+05   5.2812167e-20   8.0110248e-20   8.1045676e-20   2.4462584e-20   2.3866722e-20
   2.0989399e+05   5.2448610e-20   7.9558773e-20   8.0487762e-20   2.4294185e-20   2.2993854e-20
   2.1281390e+05   5.2087557e-20   7.9011094e-20   7.9933688e-20   2.4126945e-20   2.2154709e-20
   2.1577444e+05   5.1728989e-20   7.8467186e-20   7.9383428e-20   2.3960856e-20   2.1347864e-20
   2.1877616e+05   5.1372889e-20   7.7927021e-20   7.8836956e-20   2.3795911e-20   2.0571967e-20
   2.2181964e+05   5.1019240e-20   7.7390575e-20   7.8294247e-20   2.3632101e-20   1.9825730e-20
   2.2490546e+05   5.0668026e-20   7.6857823e-20   7.7755273e-20   2.3469419e-20   1.9107923e-20
   2.2803421e+05   5.0319230e-20   7.6328737e-20   7.7220009e-20   2.3307857e-20   1.8417375e-20
   2.3120648e+05   4.9972835e-20   7.5803294e-20   7.6688430e-20   2.3147406e-20   1.7752969e-20
   2.3442288e+05   4.9628824e-20   7.5281467e-20   7.6160511e-20   2.2988061e-20   1.7113638e-20
   2.3768403e+05   4.9287182e-20   7.4763233e-20   7.5636226e-20   2.2829812e-20   1.6498364e-20
   2.4099054e+05   4.8947891e-20   7.4248567e-20   7.5115550e-20   2.2672653e-20   1.5906177e-20
   2.4434306e+05   4.8610936e-20   7.3737443e-20   7.4598458e-20   2.2516575e-20   1.5336147e-20
   2.4774221e+05   4.8276301e-20   7.3229838e-20   7.4084926e-20   2.2361572e-20   1.4787388e-20
   2.5118864e+05   4.7943969e-20   7.2725728e-20   7.3574929e-20   2.2207636e-20   1.4259052e-20
   2.5468303e+05   4.7613925e-20   7.2225087e-20   7.3068442e-20   2.2054760e-20   1.3750328e-20
   2.5822602e+05   4.7286153e-20   7.1727893e-20   7.2565443e-20   2.1902936e-20   1.3260442e-20
   2.6181830e+05   4.6960638e-20   7.1234122e-20   7.2065906e-20   2.1752157e-20   1.2788652e-20
   2.6546056e+05   4.6637363e-20   7.0743750e-20   7.1569808e-20   2.1602417e-20   1.2334249e-20
   2.6915348e+05   4.6316314e-20   7.0256753e-20   7.1077124e-20   2.1453707e-20   1.1896554e-20
   2.7289778e+05   4.5997474e-20   6.9773109e-20   7.0587833e-20   2.1306020e-20   1.1474917e-20
   2.7669416e+05   4.5680830e-20   6.9292794e-20   7.0101910e-20   2.1159351e-20   1.1068715e-20
   2.8054336e+05   4.5366365e-20   6.8815786e-20   6.9619332e-20   2.1013691e-20   1.0677353e-20
   2.8444611e+05   4.5054066e-20   6.8342062e-20   6.9140075e-20   2.0869034e-20   1.0300259e-20
   2.8840315e+05   4.4743916e-20   6.7871598e-20   6.8664119e-20   2.0725372e-20   9.9368854e-21
   2.9241524e+05   4.4435901e-20   6.7404373e-20   6.8191438e-20   2.0582700e-20   9.5867082e-21
   2.9648314e+05   4.4130006e-20   6.6940365e-20   6.7722012e-20   2.0441009e-20   9.2492242e-21
   3.0060763e+05   4.3826217e-20   6.6479551e-20   6.7255816e-20   2.0300294e-20   8.9239512e-21
   3.0478950e+05   4.3524520e-20   6.6021909e-20   6.6792831e-20   2.0160548e-20   8.6104265e-21
   3.0902954e+05   4.3224899e-20   6.5567417e-20   6.6333032e-20   2.0021764e-20   8.3082065e-21
   3.1332857e+05   4.2927341e-20   6.5116054e-20   6.5876399e-20   1.9883935e-20   8.0168653e-21
   3.1768741e+05   4.2631831e-20   6.4667798e-20   6.5422909e-20   1.9747055e-20   7.7359945e-21
   3.2210688e+05   4.2338356e-20   6.4222628e-20   6.4972541e-20   1.9611117e-20   7.4652019e-21
   3.2658783e+05   4.2046900e-20   6.3780523e-20   6.4525273e-20   1.9476115e-20   7.2041109e-21
   3.3113112e+05   4.1757452e-20   6.3341461e-20   6.4081084e-20   1.9342043e-20   6.9523601e-21
   3.3573761e+05   4.1469995e-20   6.2905421e-20   6.3639953e-20   1.9208893e-20   6.7096025e-21
   3.4040819e+05   4.1184518e-20   6.2472384e-20   6.3201859e-20   1.9076660e-20   6.4755044e-21
   3.4514374e+05   4.0901006e-20   6.2042327e-20   6.2766780e-20   1.8945337e-20   6.2497457e-21
   3.4994517e+05   4.0619445e-20   6.1615230e-20   6.2334697e-20   1.8814918e-20   6.0320185e-21
   3.5481339e+05   4.0339823e-20   6.1191074e-20   6.1905587e-20   1.8685397e-20   5.8220273e-21
   3.5974934e+05   4.0062125e-20   6.0769838e-20   6.1479432e-20   1.8556768e-20   5.6194877e-21
   3.6475395e+05   3.9786340e-20   6.0351501e-20   6.1056211e-20   1.8429024e-20   5.4241265e-21
   3.6982818e+05   3.9512453e-20   5.9936044e-20   6.0635903e-20   1.8302160e-20   5.2356813e-21
   3.7497300e+05   3.9240451e-20   5.9523447e-20   6.0218488e-20   1.8176168e-20   5.0538993e-21
   3.8018940e+05   3.8970321e-20   5.9113691e-20   5.9803947e-20   1.8051045e-20   4.8785379e-21
   3.8547836e+05   3.8702052e-20   5.8706755e-20   5.9392260e-20   1.7926782e-20   4.7093635e-21
   3.9084090e+05   3.8435628e-20   5.8302621e-20   5.8983406e-20   1.7803375e-20   4.5461515e-21
   3.9627803e+05   3.8171039e-20   5.7901268e-20   5.8577367e-20   1.7680817e-20   4.3886858e-21
   4.0179081e+05   3.7908272e-20   5.7502679e-20   5.8174124e-20   1.7559103e-20   4.2367586e-21
   4.0738028e+05   3.7647313e-20   5.7106833e-20   5.7773656e-20   1.7438227e-20   4.0901700e-21
   4.1304750e+05   3.7388151e-20   5.6713712e-20   5.7375945e-20   1.7318183e-20   3.9487273e-21
   4.1879357e+05   3.7130773e-20   5.6323298e-20   5.6980971e-20   1.7198966e-20   3.8122454e-21
   4.2461956e+05   3.6875166e-20   5.5935571e-20   5.6588717e-20   1.7080569e-20   3.6805461e-21
   4.3052661e+05   3.6621319e-20   5.5550513e-20   5.6199163e-20   1.6962987e-20   3.5534577e-21
   4.3651583e+05   3.6369220e-20   5.5168106e-20   5.5812291e-20   1.6846215e-20   3.4308150e-21
   4.4258837e+05   3.6118856e-20   5.4788332e-20   5.5428082e-20   1.6730246e-20   3.3124590e-21
   4.4874539e+05   3.5870216e-20   5.4411171e-20   5.5046518e-20   1.6615076e-20   3.1982366e-21
   4.5498806e+05   3.5623287e-20   5.4036608e-20   5.4667580e-20   1.6500699e-20   3.0880002e-21
   4.6131757e+05   3.5378058e-20   5.3664622e-20   5.4291251e-20   1.6387109e-20   2.9816080e-21
   4.6773514e+05   3.5134517e-20   5.3295198e-20   5.3917513e-20   1.6274301e-20   2.8789230e-21
   4.7424199e+05   3.4892653e-20   5.2928316e-20   5.3546347e-20   1.6162269e-20   2.7798136e-21
   4.8083935e+05   3.4652453e-20   5.2563960e-20   5.3177737e-20   1.6051009e-20   2.6841529e-21
   4.8752849e+05   3.4413907e-20   5.2202112e-20   5.2811664e-20   1.5940515e-20   2.5918186e-21
   4.9431069e+05   3.4177004e-20   5.1842755e-20   5.2448111e-20   1.5830781e-20   2.5026929e-21
   5.0118723e+05   3.3941731e-20   5.1485872e-20   5.2087061e-20   1.5721803e-20   2.4166624e-21
   5.0815944e+05   3.3708078e-20   5.1131446e-20   5.1728496e-20   1.5613574e-20   2.3336176e-21
   5.1522864e+05   3.3476033e-20   5.0779460e-20   5.1372399e-20   1.5506091e-20   2.2534533e-21
   5.2239619e+05   3.3245586e-20   5.0429896e-20   5.1018754e-20   1.5399348e-20   2.1760679e-21
   5.2966344e+05   3.3016725e-20   5.0082739e-20   5.0667544e-20   1.5293340e-20   2.1013636e-21
   5.3703180e+05   3.2789439e-20   4.9737972e-20   5.0318751e-20   1.5188061e-20   2.0292459e-21
   5.4450265e+05   3.2563718e-20   4.9395579e-20   4.9972359e-20   1.5083507e-20   1.9596240e-21
   5.5207744e+05   3.2339551e-20   4.9055542e-20   4.9628351e-20   1.4979673e-20   1.8924103e-21
   5.5975760e+05   3.2116927e-20   4.8717846e-20   4.9286712e-20   1.4876554e-20   1.8275203e-21
   5.6754461e+05   3.1895836e-20   4.8382474e-20   4.8947425e-20   1.4774144e-20   1.7648725e-21
   5.7543994e+05   3.1676266e-20   4.8049412e-20   4.8610473e-20   1.4672440e-20   1.7043883e-21
   5.8344510e+05   3.1458209e-20   4.7718642e-20   4.8275841e-20   1.4571435e-20   1.6459922e-21
   5.9156163e+05   3.1241652e-20   4.7390149e-20   4.7943513e-20   1.4471126e-20   1.5896110e-21
   5.9979108e+05   3.1026586e-20   4.7063918e-20   4.7613472e-20   1.4371508e-20   1.5351745e-21
   6.0813500e+05   3.0813000e-20   4.6739932e-20   4.7285703e-20   1.4272575e-20   1.4826146e-21
   6.1659500e+05   3.0600885e-20   4.6418177e-20   4.6960190e-20   1.4174323e-20   1.4318660e-21
   6.2517269e+05   3.0390230e-20   4.6098636e-20   4.6636919e-20   1.4076748e-20   1.3828655e-21
   6.3386971e+05   3.0181025e-20   4.5781295e-20   4.6315872e-20   1.3979844e-20   1.3355523e-21
   6.4268772e+05   2.9973260e-20   4.5466139e-20   4.5997036e-20   1.3883608e-20   1.2898675e-21
   6.5162839e+05   2.9766926e-20   4.5153152e-20   4.5680395e-20   1.3788034e-20   1.2457546e-21
   6.6069345e+05   2.9562012e-20   4.4842320e-20   4.5365933e-20   1.3693118e-20   1.2031590e-21
   6.6988461e+05   2.9358508e-20   4.4533628e-20   4.5053636e-20   1.3598855e-20   1.1620278e-21
   6.7920363e+05   2.9156406e-20   4.4227061e-20   4.4743489e-20   1.3505241e-20   1.1223103e-21
   6.8865230e+05   2.8955695e-20   4.3922604e-20   4.4435477e-20   1.3412272e-20   1.0839574e-21
   6.9823240e+05   2.8756365e-20   4.3620243e-20   4.4129586e-20   1.3319942e-20   1.0469219e-21
   7.0794578e+05   2.8558408e-20   4.3319963e-20   4.3825800e-20   1.3228248e-20   1.0111580e-21
   7.1779429e+05   2.8361813e-20   4.3021750e-20   4.3524105e-20   1.3137186e-20   9.7662172e-22
   7.2777980e+05   2.8166572e-20   4.2725591e-20   4.3224487e-20   1.3046750e-20   9.4327055e-22
   7.3790423e+05   2.7972674e-20   4.2431470e-20   4.2926932e-20   1.2956937e-20   9.1106351e-22
   7.4816950e+05   2.7780112e-20   4.2139374e-20   4.2631425e-20   1.2867742e-20   8.7996101e-22
   7.5857758e+05   2.7588875e-20   4.1849288e-20   4.2337952e-20   1.2779161e-20   8.4992488e-22
   7.6913044e+05   2.7398954e-20   4.1561200e-20   4.2046500e-20   1.2691190e-20   8.2091830e-22
   7.7983011e+05   2.7210341e-20   4.1275094e-20   4.1757054e-20   1.2603824e-20   7.9290569e-22
   7.9067863e+05   2.7023026e-20   4.0990959e-20   4.1469600e-20   1.2517060e-20   7.6585277e-22
   8.0167806e+05   2.6837001e-20   4.0708779e-20   4.1184126e-20   1.2430893e-20   7.3972642e-22
   8.1283052e+05   2.6652257e-20   4.0428542e-20   4.0900616e-20   1.2345320e-20   7.1449469e-22
   8.2413812e+05   2.6468784e-20   4.0150234e-20   4.0619058e-20   1.2260335e-20   6.9012675e-22
   8.3560302e+05   2.6286574e-20   3.9873841e-20   4.0339439e-20   1.2175935e-20   6.6659282e-22
   8.4722741e+05   2.6105618e-20   3.9599352e-20   4.0061744e-20   1.2092117e-20   6.4386420e-22
   8.5901352e+05   2.5925909e-20   3.9326752e-20   3.9785961e-20   1.2008875e-20   6.2191315e-22
   8.7096359e+05   2.5747436e-20   3.9056028e-20   3.9512076e-20   1.1926207e-20   6.0071292e-22
   8.8307990e+05   2.5570192e-20   3.8787168e-20   3.9240077e-20   1.1844107e-20   5.8023767e-22
   8.9536477e+05   2.5394168e-20   3.8520159e-20   3.8969950e-20   1.1762573e-20   5.6046248e-22
   9.0782053e+05   2.5219356e-20   3.8254989e-20   3.8701683e-20   1.1681600e-20   5.4136328e-22
   9.2044957e+05   2.5045747e-20   3.7991643e-20   3.8435262e-20   1.1601185e-20   5.2291684e-22
   9.3325430e+05   2.4873333e-20   3.7730110e-20   3.8170676e-20   1.1521323e-20   5.0510072e-22
   9.4623716e+05   2.4702106e-20   3.7470378e-20   3.7907911e-20   1.1442010e-20   4.8789330e-22
   9.5940063e+05   2.4532058e-20   3.7212434e-20   3.7646955e-20   1.1363244e-20   4.7127366e-22
   9.7274722e+05   2.4363181e-20   3.6956265e-20   3.7387795e-20   1.1285020e-20   4.5522164e-22
   9.8627949e+05   2.4195466e-20   3.6701860e-20   3.7130419e-20   1.1207335e-20   4.3971776e-22
   1.0000000e+06   2.4028905e-20   3.6449206e-20   3.6874815e-20   1.1130184e-20   4.2474322e-22
