0.25    55      8
0.50    98      8
0.75    110     6
1.00    123     5
1.25    134     4
1.50    142     4
1.75    145     3
2.00    147     3
2.25    148     3
2.50    152     2
2.75    155     2
3       156     2
3.5     157     2
4       153     2
4.5     153     2
5       154     2
5.5     153     2
6       150     2
6.5     149     2
7       148     2
7.5     146     2
8       147     2
8.5     148     2
9       148     2
9.5     149     2
10      150     2
10.5    150     3
11      149     3
