  14385
  14257
  13875
  13632
  13504
  13485
  13234
  13147
  12321
  12096
  11664
  12119
  12208
  12266
  14131
  14354
  14258
  14169
  14489
  17335
  17208
  16993
  16848
  16786
  16775
  15320
  13912
  13867
  13119
  13142
  13169
  13241
  13375
  13350
  13364
  13305
  13361
  13265
  13093
  13051
  13336
  13861
  13961
  14062
  14094
  13535
  13457
  13655
  13686
  13740
  14261
  14175
  16678
  16600
  13860
  13790
  13844
  13889
  12162
  12143
  12917
  12812
  12786
  14718
  14748
  15700
  15783
  15927
  16058
  15603
  15624
  15546
  15730
  15770
  14275
  13590
  13651
  13697
  13366
  13355
  13407
  13381
  13661
  13742
  13293
  13672
  14102
  13221
  13140
  13017
  13261
  13180
  13156
  13069
  13298
  13293
  13390
  13101
  14041
  14376
  14361
  13032
  13027
  13624
  13580
  13447
  13425
  13115
  13145
  13102
  13023
  12998
  13059
  13693
  13820
  13972
  13870
  13982
  13839
  13922
  13831
  13760
  14148
  14162
  14065
  13961
  14029
  14067
  14239
  14215
  14766
  14641
  14549
  14837
  15897
  15918
  15702
  15505
  15451
  13994
  14302
  14155
  14089
  12508
  13203
  13096
  13007
  12968
  12874
  12865
  12761
  12991
  12930
  12917
  12999
  14325
  14261
  14029
  13881
  13772
  14224
  15458
  15521
  15567
  15130
  15124
  14956
  14892
  15088
  14962
  15869
  15922
  16221
  16263
  16109
  15707
  15629
  14145
  14131
  13471
  13497
  13146
  12455
  12762
  14116
  13445
  13985
  13669
  13701
  14004
  14314
  13213
  13062
  14802
  14492
  13347
  13275
  14657
  14623
  14813
  14594
  14581
  13529
  13415
  13490
  13383
  13384
  13417
  14170
  13372
  13498
  14076
  13427
  13484
  13459
  13633
  13601
  13394
  13202
  13184
  13315
  13527
  14950
  14998
  15000
  14972
  14948
  14936
  15459
  15293
  15222
  14992
  15436
  15585
  14961
  13730
  15406
  15475
  14857
  15731
  16678
  16816
  16800
  16711
  15611
  15678
  15583
  15564
  15586
  15530
  15402
  15585
  15892
  15374
  15419
  15410
  15325
  15301
  15523
  14728
  14759
  14908
  14906
  14621
  14718
  14679
  14438
  14895
  14984
  14584
  14756
  15260
  13980
  14440
  14377
  14467
  15706
  15361
  15471
  15512
  15318
  15519
  15322
  15128
  15420
  15508
  15088
  15076
  15212
  15252
  14777
  13661
  13148
  13069
  12897
  12883
  12874
  12700
  13037
  12086
  13012
  15136
  15549
  14225
  13907
  13905
  13929
  14182
  14223
  13374
  13289
  13676
  13727
  13778
  13776
  13725
  14177
  14033
  13989
  14645
  14444
  13037
  12392
  12430
  13574
  13616
  12800
  12863
  12928
  12971
  13314
  13329
  13624
  13603
  13556
  13548
  13749
  13802
  13793
  13818
  13925
  13982
  13887
  15265
  15331
  14182
  14242
  14216
  14138
  14623
  14478
  14453
  13550
  13554
  14456
  14609
  13953
  13700
  15061
  15053
  14150
  14130
  13943
  13710
  14808
  14764
  14942
  15226
  15315
  15297
  15289
  15290
  15282
  15226
  14754
  15694
  15625
  15633
  15097
  15100
  12014
  12056
  15540
  15439
  15466
  15364
  15756
  15723
  11606
  11588
  13911
  13714
  13070
  13791
  13847
  13911
  13852
  13872
  14371
  14638
  14667
  14359
  14182
  14201
  13925
  13871
  13746
  13867
  13778
  13737
  13599
  13593
  13624
  13622
  12427
  12401
  12394
  12816
  12783
  15130
  15266
  14598
  14540
  14105
  13789
  14119
  13527
  13710
  13604
  14849
  14099
  13998
  13992
  14413
  14466
  14431
  14406
  14423
  14370
  14387
  13698
  13620
  13565
  13561
  13599
  13576
  13211
  13250
  13314
  13289
  15034
  15025
  15017
  14805
  14663
  13740
  13662
  14015
  13803
  14779
  14959
  14060
  13874
  14145
  14142
  13978
  13374
  14903
  15141
  13420
  13346
  13160
  13156
  13833
  13817
  15306
  15271
  13959
  14049
  14168
  13559
  14228
  14222
  13033
  12870
  12847
  13734
  13582
  12737
  12615
  12182
  12243
  14420
  14550
  14598
  15672
  15650
  13894
  13991
  13977
  14006
  14005
  14110
  14093
  15771
  15513
  15862
  15280
  15269
  15610
  15551
  15659
  15686
  15647
  15571
  15552
  15613
  15598
  14631
  14766
  15114
  15134
  13691
  14509
  14283
  13276
  12809
  12635
  13160
  13036
  12755
  12902
  12646
  12591
  12669
  12626
  12668
  12661
  12801
  13448
  13556
  13646
  13645
  15615
  15512
  15468
  15849
  15307
  14470
  15852
  15029
  15064
  14831
  14924
  12997
  13037
  13066
  15516
  15462
  15480
  15539
  15605
  15454
  15471
  15506
  15503
  15541
  15551
  14416
  14572
  14531
  14590
  14621
  13825
  13754
  13552
  13518
  13497
  15413
  15346
  15330
  15819
  15889
  15881
  15838
  15768
  15861
  15254
  16032
  15962
  16251
  16246
  14846
  14793
  12112
  11695
  11664
  15271
  15145
  14632
  16166
  16062
  14204
  14296
  14243
  14326
  14313
  14313
  14395
  14452
  14504
  14471
  12019
  11951
  13706
  13630
  11924
  12376
  12390
  15260
  15301
  15444
  13820
  13882
  13911
  13999
  14015
  13782
  13812
  14021
  13977
  14646
  14307
  14180
  13781
  13834
  13786
  13876
  14757
  13856
  13762
  13870
  13757
  13688
  14206
  14570
  14601
  14113
  14127
  14041
  14066
  14202
  14112
  14075
  13914
  12712
  12046
  11825
  11877
  13223
  13205
  13317
  13308
  13262
  13601
  12579
  12521
  13686
  13603
  13596
  13016
  12655
  13750
  12428
  12421
  12517
  12530
  14414
  14301
  14352
  14480
  12533
  12574
  11877
  11889
  12240
  12635
  12158
  12241
  12125
  12011
  12032
  14190
  14092
  12767
  12855
  13452
  13374
  13196
  13012
  12892
  12861
  12873
  12928
  14172
  14780
  14343
  14014
  12856
  12846
  13154
  13881
  13191
  13270
  13258
  14983
  15168
  15791
  15769
  14464
  14454
  13588
  13802
  14079
  14012
  13829
  13791
  13794
  14587
  15663
  15567
  15575
  15351
  16016
  16271
  16274
  17117
  16495
  15208
  15268
  16795
  16388
  15187
  15858
  15957
  15965
  14440
  14781
  14650
  14047
  14112
  15572
  15225
  15079
  15156
  15091
  13481
  13489
  13494
  13615
  13584
  13607
  13593
  13602
  13650
  13660
  16104
  16151
  16097
  16097
  16066
  16090
  16146
  16148
  14021
  14001
  14008
  13947
  14132
  14103
  14251
  14244
  14286
  14243
  14291
  14359
  14305
  14186
  14182
  14181
  14038
  13920
  13925
  13908
  13958
  15581
  15978
  15663
  15629
  16063
  16075
  15557
  15753
  15716
  15715
  15947
  13370
  13190
  13203
  13579
  13150
  13153
  13020
  15540
  15462
  13988
  13755
  13718
  13779
  13851
  13643
  13625
  13761
  13559
  13335
  13210
  13514
  13492
  13551
  13721
  15029
  14888
  14880
  13459
  13099
  13349
  13394
  13888
  13957
  14018
  14093
  14102
  14115
  14868
  15098
  12737
  13432
  13504
  13747
  13597
  13820
  13748
  11918
  11934
  11941
  13517
  13615
  13575
  13761
  13783
  13894
  13909
  14233
  14064
  14013
  13978
  13972
  14066
  14102
  13977
  13558
  14470
  13402
  12509
  13028
  14506
  14502
  14509
  14411
  13811
  13666
  13437
  13416
  13589
  13535
  15086
  15802
  15757
  15702
  15675
  15645
  15618
  14485
  14601
