729330555 729332475 0.6011734
729332475 729333116 0.59825301
729336754 729338674 0.56502992
729338674 729340594 0.57047838
729340594 729342514 0.56946278
729342514 729344434 0.55111551
729344434 729346354 0.53971362
729346354 729348274 0.51646417
729350194 729352114 0.53874397
729352114 729354034 0.53962779
729354034 729355954 0.50531918
729355954 729357874 0.50488478
729357874 729359589 0.4902598
729362933 729364853 0.54615182
729364853 729366773 0.53941488
729366773 729368693 0.54627758
729368693 729370613 0.54013962
729388514 729390434 0.59052992
729390434 729392354 0.61774677
729392354 729394274 0.61915421
729394274 729395199 0.63834262
729408621 729410541 0.59811503
729410541 729412461 0.59903592
729412461 729414381 0.61383969
729414381 729416301 0.58573139
729416301 729418221 0.5948019
729418221 729420141 0.59767622
729420141 729422061 0.6042996
729422061 729423981 0.61595058
729423981 729425901 0.60419458
729425901 729427821 0.58861178
729427821 729429741 0.6027838
729429741 729431661 0.62602347
729431661 729433581 0.60276568
729433581 729435501 0.58375651
729439535 729441455 0.64426082
729441455 729443375 0.64859623
729443375 729445295 0.63946879
729445295 729447215 0.64472878
729447215 729449135 0.62336618
729449135 729451055 0.64396679
729451055 729452975 0.62427992
729452975 729454895 0.63128328
729454895 729456630 0.63274872
729458997 729460917 0.66291511
729460917 729461036 0.66411668
729509488 729511408 0.73886418
729511408 729512456 0.73203522
729522044 729523964 0.71808392
729538804 729540724 0.62987989
729540724 729542644 0.62428212
729542644 729544564 0.6209923
729544564 729546484 0.61732471
729546484 729548404 0.64228839
729552244 729554164 0.64343578
729554164 729556084 0.66007668
729556084 729558004 0.65540302
729574372 729576292 0.66631621
729576292 729578212 0.66805369
729587636 729589556 0.68987513
729589556 729591476 0.6816991
729591476 729593396 0.67714912
729593396 729595316 0.67488807
729595316 729597236 0.67053628
729599644 729601564 0.67563772
729601564 729603484 0.69315428
729603484 729605404 0.68897003
729605404 729606236 0.68593299
729606544 729608464 0.66985238
729608464 729610384 0.65617388
729610384 729612304 0.64837641
729612304 729614224 0.65337688
729614224 729614696 0.66397709
729617693 729619613 0.73990959
729619613 729619916 0.73064113
729648215 729650135 0.76919562
729650135 729651236 0.77508259
729651964 729653884 0.7691794
729653884 729655804 0.76124322
729669797 729671717 0.78850192
729671717 729673637 0.797167
729673637 729675557 0.78261578
729675557 729677477 0.77807713
729677477 729679397 0.75001788
729679397 729681317 0.74421191
729681317 729683237 0.74570823
729683237 729685157 0.74411792
729685157 729687077 0.76526392
729687077 729688997 0.75403208
729688997 729690917 0.75438309
729690917 729692837 0.75919408
729692837 729694757 0.74243331
729694757 729696677 0.74397802
729706393 729708313 0.68590808
729708313 729710233 0.69236451
729710233 729711178 0.68432271
729711375 729713295 0.67472821
729713295 729713372 0.67121822
729732966 729734886 0.75396538
729734886 729736806 0.73935288
729736806 729737276 0.73900449
729752705 729754625 0.71575028
729754625 729756545 0.71003407
729756545 729758465 0.70480222
729758465 729760385 0.70089978
729760385 729762305 0.70406371
729762305 729764225 0.70414323
729764225 729766145 0.68075168
729766145 729768065 0.71185172
729768065 729769985 0.70991558
729769985 729771905 0.68177629
729771905 729773825 0.69400293
729773825 729775745 0.7007575
729775745 729777665 0.68800491
729777665 729779585 0.68239361
729787265 729789185 0.64606059
729789185 729791105 0.65560561
729791105 729793025 0.62117833
729794945 729796865 0.63349622
729796865 729798785 0.64405698
729798785 729800705 0.63323051
729800705 729802625 0.63735342
729802625 729803636 0.62627518
729845278 729847198 0.68389302
729847198 729849118 0.70503312
729849118 729851038 0.69836038
729851038 729851276 0.70061111
729922656 729924576 0.76631361
729924576 729926496 0.78285009
729926496 729928416 0.79114658
729928416 729930336 0.75755608
730014316 730016236 0.71055079
730016236 730018156 0.64897197
730018156 730020076 0.65832359
730020076 730021976 0.67600471
730026472 730028392 0.72045708
730028392 730030312 0.73993868
730030312 730032232 0.71019697
730032232 730034152 0.71671993
730034152 730036072 0.73561043
730036072 730037992 0.73368537
730037992 730039912 0.73852241
730039912 730041832 0.72477168
730041832 730043752 0.70935118
730043752 730045672 0.71014827
730045672 730047592 0.70540488
730047592 730049512 0.68356609
730049512 730051432 0.67456639
730051432 730053090 0.64736569
730082944 730084864 0.63403219
730084864 730086784 0.64723378
730086784 730088704 0.64646012
730092544 730094464 0.62354481
730094464 730096384 0.61895013
730096384 730098304 0.62636721
730098304 730100224 0.60729498
730100224 730102144 0.57992738
730102144 730104064 0.60039079
730104064 730105984 0.60725051
730105984 730107904 0.61736971
730107904 730109824 0.58015257
730109824 730110312 0.58897507
730123104 730125024 0.65908468
730125024 730126944 0.65424752
730267368 730269288 0.6400882
730269288 730271208 0.60847402
730271208 730273128 0.69147122
730273128 730275048 0.6470964
730275048 730276968 0.69321859
730276968 730278888 0.69326073
730278888 730280808 0.71604848
730280808 730282728 0.68872201
730282728 730284648 0.70237929
730284648 730286568 0.70272332
730286568 730288488 0.73134392
730288488 730290408 0.7040028
730290408 730292328 0.69913518
730292328 730294248 0.71210599
730294248 730296168 0.69965333
730425604 730427524 0.86755449
730427524 730429444 0.89014763
730429444 730431364 0.88993108
730431364 730433284 0.9262194
730433284 730435204 0.88676769
730437124 730438148 0.9174003
730438778 730440698 0.88542181
730440698 730442618 0.86651307
730442618 730444538 0.88673931
730456058 730457978 0.87198418
730457978 730459898 0.88031417
730459898 730461818 0.87300068
730461818 730463738 0.83908069
730463738 730465658 0.85932672
730465658 730467578 0.85233718
730467578 730469498 0.86844331
730469498 730471418 0.86152178
730471418 730472829 0.84331518
730493224 730495144 0.76040047
730495144 730497064 0.74645388
730497064 730498984 0.75097269
730498984 730499636 0.76803273
730508833 730510753 0.76306838
730510753 730512673 0.7584945
730512673 730514593 0.73789471
730518433 730520353 0.76346242
730520353 730522273 0.77273452
730522273 730524193 0.76520681
730524193 730526113 0.75525182
730526113 730528033 0.75659442
730528033 730529516 0.75024837
730536469 730538389 0.82420009
730538389 730540309 0.8331849
730546532 730548452 0.72533888
730548452 730550372 0.79165572
730550372 730552292 0.79926741
730552292 730554212 0.78527993
730554212 730556132 0.7809943
730556132 730556156 0.78018618
730556524 730558444 0.76281989
730558444 730560364 0.76522189
730567169 730569089 0.72380912
730569089 730569716 0.71573788
730570924 730572844 0.71763211
730579264 730581184 0.73417228
730581184 730583104 0.74270928
730583104 730585024 0.74266678
730585024 730586944 0.53559518
730586944 730588864 0.47087061
730588864 730590716 0.68060303
730592257 730594177 0.7094602
730594177 730596097 0.71107793
730596097 730598017 0.68603897
730598017 730599937 0.77094358
730599937 730601857 0.76471043
730601857 730603777 0.76821548
730603777 730605697 0.79299361
730605697 730607617 0.75613493
730607617 730609537 0.78158259
730609537 730611457 0.71901143
730611457 730613377 0.62119979
730613377 730615297 0.76279151
730615297 730617217 0.80555427
730617217 730619137 0.77917367
730619137 730621057 0.79628742
730621057 730622977 0.75704122
730622977 730624897 0.72634298
730624897 730626817 0.7499665
730626817 730628737 0.7884137
730628737 730630657 0.77458411
730630657 730632577 0.77269018
730632577 730633376 0.76476902
730637959 730639879 0.79820538
730639879 730641799 0.80058259
730641799 730643719 0.74094778
730643719 730645639 0.76957649
730645639 730647559 0.7855106
730647559 730649479 0.77566248
730649479 730651399 0.75120997
730651399 730653319 0.75563478
730653319 730655239 0.75695151
730666101 730668021 0.71759498
730668021 730668178 0.716438
730668327 730670247 0.73470187
730676469 730678389 0.73669732
730678389 730680309 0.74413443
730680309 730681060 0.73770827
730692408 730694328 0.79858822
730694328 730696248 0.76848722
730696248 730698168 0.76502091
730698168 730700088 0.8408227
730700088 730702008 0.83735412
730702008 730703928 0.82760853
730703928 730705848 0.83652347
730705848 730707768 0.83454311
730707768 730709688 0.84228688
730709688 730711608 0.81000692
730711608 730713528 0.81391323
730713528 730715448 0.81274468
730715448 730717368 0.80730152
730717368 730719288 0.80073363
730719288 730721208 0.82970083
730721208 730723128 0.8003282
730723128 730725048 0.79959297
730725048 730726968 0.8308633
730726968 730728888 0.83228791
730730808 730732728 0.80997127
730732728 730734648 0.80213737
730734648 730736568 0.83813691
730790442 730792362 0.82165718
730792362 730792941 0.86366421
730793164 730795084 0.82929659
730795084 730797004 0.82395709
730797004 730798924 0.81883597
730798924 730800844 0.80760068
730800844 730802764 0.80698103
730802764 730804684 0.80935091
730804684 730806604 0.80730897
730808524 730810444 0.81350827
730810444 730812364 0.82365233
730812364 730814284 0.82425982
730862540 730864460 0.68223381
730864460 730866380 0.7080279
730866380 730868300 0.73387998
730868300 730870220 0.73135239
730872992 730874912 0.71838772
730874912 730876832 0.74034882
730876832 730878752 0.73023921
730878752 730880672 0.73370731
730888352 730890272 0.7188586
730890272 730892192 0.70436788
730892192 730892323 0.66907293
730892777 730894697 0.70683283
730894697 730896617 0.71938717
730896617 730898537 0.72639138
730898537 730900457 0.71701312
730900457 730902377 0.71141022
730902377 730904297 0.7347905
730908137 730910057 0.70504981
730910057 730911977 0.71917158
730911977 730913897 0.72005951
730980126 730982046 0.67783242
730982046 730983966 0.68887752
730983966 730985886 0.71452588
730989726 730991646 0.71948153
730991646 730993566 0.7088784
730993566 730995486 0.70588678
731005086 731007006 0.67912811
731007006 731008926 0.66419721
731008926 731010846 0.6554597
731010846 731012766 0.67242908
731012766 731014686 0.66613549
731137067 731138987 0.90614522
731138987 731140907 0.89397198
731140907 731142827 0.90797448
731158187 731160107 0.84508389
731160107 731162027 0.88504797
731162027 731163947 0.89849353
731163947 731165867 0.9082275
731165867 731167016 0.88370049
731167324 731169244 0.88105112
731169244 731171164 0.87459612
731171164 731173084 0.86342752
731173084 731175004 0.85803932
731175004 731176924 0.84468663
731176924 731178844 0.84479052
731178844 731180764 0.84625047
731180764 731182684 0.83736902
731182684 731184604 0.84428579
731184604 731186524 0.84698921
731186524 731188444 0.8436209
731188444 731190364 0.85228008
731196124 731198044 0.84550178
731198044 731199964 0.85646021
731199964 731201884 0.85377008
731201884 731203804 0.8623147
731203804 731205724 0.83091199
731205724 731207644 0.80154848
731207644 731209564 0.8479653
731209564 731211484 0.86336672
731215324 731217244 0.86961812
731217244 731219164 0.87143379
731219164 731221084 0.86889261
731223004 731224924 0.85793728
731224924 731226844 0.86525571
731226844 731228764 0.87221789
731228764 731230684 0.85790008
731230684 731232604 0.85894108
731232604 731234524 0.86342162
731240284 731242204 0.86147588
731242204 731244124 0.85693032
731244124 731246044 0.84609812
731246044 731247964 0.84479982
731247964 731249884 0.85965371
731249884 731251804 0.85781258
731251804 731253724 0.84076899
731253724 731255644 0.83920509
731265664 731267584 0.77232343
731267584 731269504 0.78131521
731269504 731271424 0.78737563
731271424 731273344 0.78236139
731273344 731275264 0.78025478
731275264 731277184 0.77334988
731277184 731279104 0.76900047
731298304 731300224 0.72807229
731300224 731302144 0.74165869
731302144 731304064 0.7535966
731304064 731305984 0.78464168
731305984 731307904 0.80713892
731307904 731309824 0.82297421
731309824 731311744 0.81055123
731311744 731313664 0.78441179
731313664 731315584 0.81019968
731315584 731317504 0.81392783
731317504 731319424 0.81647271
731319424 731321344 0.82464969
731321344 731323264 0.8324734
731323264 731325184 0.83935559
731344384 731346304 0.82060891
731346304 731348224 0.81353158
731348224 731350144 0.80064768
731384945 731386865 0.80689782
731386865 731388785 0.80826968
731388785 731390705 0.8023262
731390705 731392436 0.81591028
731393576 731395496 0.81195641
731486886 731488806 0.84049273
731488806 731490149 0.83156037
731577153 731579073 0.75312918
731579073 731580993 0.77109832
731580993 731582913 0.77761197
731582913 731584833 0.76990843
731584833 731586753 0.77389222
731586753 731588673 0.7719779
731594433 731596353 0.75682157
731596353 731598273 0.75935519
731598273 731600193 0.75045508
731600193 731602113 0.75066608
731602113 731604033 0.74664807
731604033 731605953 0.7400983
731605953 731607873 0.74605358
731665183 731667103 0.830423
731667103 731669023 0.83722383
731669023 731670943 0.8442629
731670943 731672863 0.83930522
731672863 731674783 0.8297227
731674783 731676703 0.82549512
731676703 731678623 0.83048272
731678623 731680543 0.82983232
731694998 731696918 0.77429008
731696918 731698838 0.78173232
731698838 731700758 0.78695941
731700758 731702678 0.78473783
731702678 731704598 0.77988929
731704598 731706518 0.77167523
731706518 731707719 0.7753337
731716178 731718098 0.8182174
731718098 731720018 0.81462228
731720018 731721938 0.82504952
731721938 731723858 0.82291979
731723858 731725374 0.8258611
731731126 731733046 0.77602923
731733046 731734966 0.79051232
731736886 731738806 0.7683714
731738806 731740726 0.7700997
731740726 731742646 0.78294802
731742646 731744566 0.77815378
731765686 731767606 0.70735568
731767606 731769056 0.70808482
731774280 731776200 0.78987259
731776200 731778120 0.7807945
731822080 731824000 0.86647618
731824000 731825920 0.87463802
731825920 731827840 0.87225318
731827840 731829760 0.89005369
731829760 731830348 0.89136028
731832723 731834643 0.8919611
731834643 731836563 0.89080799
731878949 731880869 0.82887661
731880869 731882789 0.83374238
731882789 731884709 0.84385228
731884709 731886629 0.83096278
731886629 731888549 0.83841962
731888549 731890469 0.83396327
731890469 731892389 0.83610952
731892389 731894309 0.82389879
731894309 731894396 0.82060212
731896497 731898417 0.84337562
731898417 731900337 0.85026568
731900337 731902257 0.85918373
731902257 731902727 0.85937113
731908228 731910148 0.85403788
731910148 731912068 0.84765083
731912068 731913988 0.8558597
731913988 731915908 0.84908068
731915908 731917828 0.85792911
731917828 731919748 0.85342753
731919748 731921668 0.84752673
731931312 731933232 0.87763768
731933232 731935152 0.85849798
731935152 731937072 0.88083231
731937072 731938992 0.87612861
731938992 731940912 0.87594229
731944752 731946672 0.85825342
731946672 731948206 0.85438049
731948800 731950720 0.84108502
731950720 731952640 0.84306002
731952640 731954065 0.83156818
731972790 731974710 0.86774081
731983168 731985088 0.86296219
731985088 731985416 0.86269331
731992503 731994423 0.86345083
731994423 731996343 0.86452162
731996343 731998263 0.86779642
731998263 732000183 0.86717689
732000183 732002103 0.87558919
732002103 732004023 0.85908252
732004023 732005943 0.86507088
732005943 732007863 0.85491478
732007863 732009783 0.85972887
732009783 732011703 0.85285991
732036304 732038224 0.85704499
732038224 732040144 0.87132722
732081716 732083636 0.88053519
732083636 732085556 0.91023302
732085556 732087476 0.90461612
732092376 732094296 0.91404939
732094296 732096216 0.91243428
732096216 732098136 0.9009515
732098136 732100056 0.88564128
732100056 732101976 0.88896787
732101976 732103896 0.89728481
732103896 732105816 0.90513462
732105816 732107736 0.90059692
732153379 732155299 0.85339212
732155299 732157219 0.87262273
732159139 732161059 0.8709532
732161059 732162979 0.86742568
732162979 732164899 0.86832458
732164899 732166819 0.87604189
732166819 732168739 0.88701051
732168739 732170659 0.85115671
732170659 732172579 0.82624549
732172579 732174499 0.87148488
732174499 732176419 0.89134431
732176419 732178339 0.88359368
732182179 732184099 0.8687107
732184099 732186019 0.87015438
732186019 732187939 0.87695539
732187939 732189859 0.89108121
732189859 732191779 0.89878267
732258736 732260656 0.91123641
732260656 732262576 0.90799618
732262576 732264496 0.90119427
732264496 732266416 0.91036111
732266416 732268336 0.90825391
732274096 732276016 0.88927138
732276016 732277936 0.89856082
732277936 732279856 0.90423179
732285616 732287536 0.88342297
732287536 732289456 0.87148452
732289456 732291376 0.86747319
732291376 732293296 0.87075031
732293296 732294236 0.85147113
732295488 732297408 0.8480711
732297408 732299328 0.83570081
732305088 732307008 0.83368742
732307008 732308928 0.82872307
732308928 732310848 0.81294751
732310848 732312768 0.81428069
732318528 732320448 0.83219242
732320448 732322368 0.84253448
732322368 732324288 0.84158599
732328128 732330048 0.83585888
732330048 732331968 0.86324239
732331968 732333888 0.86604029
732333888 732335808 0.85953182
732335808 732337728 0.84359127
732339648 732341568 0.83649719
732341568 732343488 0.79986799
732343488 732345408 0.80775797
732345408 732347328 0.81587809
732347328 732349248 0.83188069
732349248 732351168 0.8381061
732351168 732353088 0.84512681
732353088 732355008 0.84908068
732355008 732356928 0.84237409
732356928 732358848 0.84720868
732358848 732360768 0.83094662
732372288 732374208 0.84768921
732374208 732376128 0.84361458
732376128 732378048 0.82827652
732378048 732379968 0.81002939
732379968 732381888 0.81354672
732381888 732383808 0.81970268
732383808 732385136 0.82145327
732385504 732387424 0.81110752
732387424 732389344 0.82269049
732389344 732391264 0.79439861
732419415 732421335 0.94810969
732421335 732423255 0.94535607
732423255 732425175 0.95029509
732425175 732427095 0.94156522
732427095 732429015 0.95083427
732429015 732430935 0.95758069
732430935 732432855 0.94994682
732432855 732434775 0.94114113
732434775 732436695 0.95535117
732436695 732438615 0.94777292
732438615 732440535 0.93925089
732440535 732442455 0.94012141
732442455 732444375 0.9392882
732444375 732446295 0.94486058
732446295 732446309 0.94433749
732450017 732451937 0.93295991
732464973 732466893 0.95737243
732466893 732468813 0.94855428
732468813 732470330 0.94851822
732470460 732472380 0.93110043
732472380 732474300 0.92577332
732474300 732476220 0.92686838
732476220 732478140 0.93143392
732478140 732479403 0.93339682
732486772 732488692 0.90646058
732488692 732490612 0.91332662
732490612 732492532 0.91421032
732492532 732494452 0.91253543
732494452 732496372 0.90701717
732496372 732497516 0.90195739
732507363 732509283 0.92612451
732509283 732511203 0.91861337
732511203 732513123 0.92481631
732513123 732515043 0.91930521
732515043 732516963 0.92202002
732516963 732518883 0.91063797
732518883 732520803 0.89266539
732520803 732522723 0.89281869
732522723 732524643 0.8942709
732524643 732526563 0.88504219
732526563 732528483 0.89358681
732532323 732534243 0.88408768
732534243 732536163 0.88348043
732536163 732538083 0.87743407
732545494 732547414 0.92346549
732547414 732549334 0.9149316
732549334 732551254 0.91279697
732581240 732583160 0.99562258
732583160 732583165 0.99563652
732585791 732587711 0.99033183
732587711 732589631 1.005886
732589631 732591551 1.006783
732591551 732593471 1.016359
732601871 732603791 0.94648677
732603791 732605679 0.9550187
732607280 732609200 1.02786
732609200 732611120 1.014594
732611120 732613040 1.021625
732613040 732614960 1.019346
732614960 732616880 0.98501003
732616880 732616976 0.98151982
732630613 732632533 0.9909904
732632533 732634453 1.002018
732634453 732636373 1.001182
732636373 732638293 0.99284643
732638293 732640213 0.97771448
732640213 732642133 0.98907733
732650809 732652729 0.93954068
732652729 732654649 0.9406749
732654649 732656569 0.94313049
732682243 732684163 0.92794031
732684163 732686083 0.93251199
732686083 732686925 0.93251503
732692374 732694294 0.93441212
732694294 732696214 0.92922992
732696214 732698134 0.92410588
732698134 732700054 0.90567082
732700054 732701974 0.89665687
732707734 732709654 0.88474762
732709654 732711574 0.88467038
732762688 732764608 0.88505989
732766528 732768448 0.89349562
732768448 732770368 0.87791753
732770368 732772288 0.88626021
732772288 732774208 0.91035843
732774208 732776128 0.90939409
732776128 732778048 0.91218191
732778048 732779968 0.91643929
732779968 732781888 0.90466619
732781888 732783808 0.89539468
732783808 732785728 0.90107459
732785728 732787648 0.90163618
732795328 732797248 0.88421208
732797248 732799168 0.89051878
732799168 732801088 0.87904853
732801088 732803008 0.88365072
732853540 732855460 0.99777907
732855460 732857380 0.99941999
732857380 732859300 1.0079401
732863140 732865060 0.98089862
732865060 732866980 0.99121958
732866980 732868900 0.99751109
732868900 732870820 0.98105347
732870820 732872740 0.97741431
732874660 732876580 0.98861992
732876580 732877976 0.96925908
732901715 732903635 0.85344982
732903635 732905555 0.84416759
733022422 733024342 1.03877
733024342 733026262 1.0343601
733026262 733028182 1.043722
733028182 733030102 1.046473
733030102 733032022 1.053651
733032022 733033942 1.051778
733033942 733035862 1.042048
733035862 733037782 1.0514131
733037782 733039702 1.055418
733043542 733045462 1.018571
733045462 733047382 1.03122
733047382 733049302 1.02765
733051222 733053142 1.0320081
733053142 733055062 1.023183
733055062 733056982 1.0168689
733056982 733058902 1.0006469
733058902 733060822 0.98968858
733060822 733062742 0.98657608
733062742 733064662 0.98894417
733072089 733074009 1.028702
733074009 733075929 1.0470459
733075929 733077849 1.039896
733077849 733079769 1.0259
733079769 733081689 1.01236
733083609 733085529 1.010406
733085529 733087449 1.032378
733087449 733089369 1.034066
733089369 733091289 1.0371881
733101980 733103900 1.050442
733103900 733105820 1.029117
733105820 733107740 1.033693
733107740 733108736 1.0320849
733114275 733116195 1.003976
733116195 733118115 1.013278
733118115 733120035 0.99564189
733120035 733121955 1.015269
733121955 733123875 1.027011
733123875 733125795 1.022531
733125795 733127715 1.010057
733127715 733129635 0.9941752
733129635 733131555 1.002877
733131555 733133475 0.99906099
733133475 733135395 0.98062062
733207940 733209860 1.011839
733209860 733211780 1.0165581
733211780 733213700 1.0074069
733213700 733215620 0.99249858
733215620 733217540 0.97575313
733217540 733219460 0.98306918
733219460 733221380 0.99625587
733221380 733223300 1.001213
733223300 733225220 1.012298
733281055 733282975 1.002962
733282975 733284895 0.99696821
733284895 733286815 0.98572558
733286815 733288735 0.98445451
733288735 733290655 0.99109977
733292575 733294495 1.007266
733294495 733296415 1.021088
733296415 733298335 1.013477
733298335 733300255 0.99037617
733300255 733301576 0.9884727
733305496 733307416 0.94528842
733307416 733309336 0.95127052
733309336 733311256 0.95536792
733311256 733313176 0.93355483
733313176 733315096 0.92052168
733315096 733317016 0.92716599
733317016 733318936 0.92329001
733318936 733320856 0.91530031
733320856 733322776 0.89895868
733322776 733324696 0.88549548
733324696 733326616 0.86325079
733326616 733327448 0.8577621
733372048 733373968 0.9988904
733373968 733375888 1.0048651
733375888 733377808 1.024196
733377808 733378162 1.025486
733381565 733383485 1.017506
733383485 733385405 1.006044
733385405 733387325 1.007656
733387325 733389245 1.019702
733389245 733391165 1.0147361
733391165 733393085 0.99852288
733393085 733395005 0.98854989
733395005 733396925 0.99095172
733396925 733398845 1.024175
733398845 733398896 1.024933
733401536 733403456 0.96283972
733449306 733451226 0.89504319
733451226 733453146 0.89847291
733453146 733455066 0.9250927
733455066 733456986 0.94249612
733456986 733458906 0.94338918
733458906 733460826 0.94542527
733460826 733462746 0.94430453
733462746 733464666 0.94125569
733464666 733466586 0.9378705
733468506 733470426 0.93233269
733470426 733472346 0.9355002
733472346 733474266 0.94171488
733474266 733476186 0.94393301
733486620 733488540 0.92986828
733488540 733490460 0.92527628
733490460 733492380 0.91630578
733494300 733496220 0.89519542
733496220 733498140 0.89000672
733498140 733500060 0.87141281
733500060 733501980 0.79993773
733535268 733537188 1.0276
733537188 733539108 1.035082
733539108 733541028 1.02536
733541028 733542948 1.0163029
733542948 733544868 1.010919
733544868 733546788 1.011384
733546788 733548708 1.000174
733548708 733550628 0.99703282
733550628 733552548 1.0040081
733552548 733554468 0.98994589
733554468 733556388 0.97881502
733556388 733558308 0.97295189
733558308 733560228 0.96786982
733560228 733562148 0.96162182
733562148 733564068 0.97237349
733564068 733565988 0.98441732
733565988 733567908 0.97944123
733567908 733569828 0.97750521
733569828 733571748 0.97954839
733571748 733573668 0.98030418
733573668 733575588 0.96764141
733581642 733583562 0.99167752
733583562 733585482 0.98707908
733585482 733587402 0.97668391
733587402 733589322 0.960455
733589322 733591242 0.96655488
733591242 733593162 0.93534392
733593162 733593508 0.92262512
733593664 733595584 0.92545933
733595584 733597504 0.93184769
733607104 733609024 0.96767652
733609024 733610944 0.9644382
733610944 733612864 0.95503759
733612864 733614784 0.96264392
733614784 733616704 0.96103728
733616704 733617553 0.9732514
733627621 733629541 0.97054791
733629541 733631461 0.97492927
733631461 733633381 0.95983058
733633381 733635301 0.96655649
733635301 733637221 0.96868002
733637221 733639141 0.97008979
733639141 733641061 0.97965789
733641061 733642981 0.970083
733642981 733644901 0.96415693
733644901 733646821 0.96015823
733646821 733648741 0.95753711
733650661 733652581 0.94333053
733652581 733654501 0.93718982
733654501 733656421 0.93817133
733656421 733658341 0.9419117
733658341 733660261 0.94590467
733660261 733662181 0.94124579
733662181 733664101 0.94765139
733664101 733666021 0.93808258
733666021 733667941 0.92844272
733667941 733669861 0.92313832
733671781 733673701 0.91138119
733673701 733675621 0.90252262
733675621 733677541 0.90951478
733677541 733679461 0.90641677
733679461 733681381 0.90665919
733681381 733683301 0.9047069
733683301 733685221 0.9036566
733685221 733685756 0.89636952
733693474 733695394 1.05591
733695394 733697314 1.046042
733697314 733699234 1.053267
733699234 733701154 1.059491
733701154 733703074 1.045821
733703074 733703508 1.042502
733703647 733705567 1.034362
733705567 733707487 1.021402
733707487 733709407 1.046519
733709407 733710236 1.049993
733715864 733717784 1.049343
733717784 733719704 1.018921
733719704 733721624 1.014052
733721624 733723544 0.94371837
733723544 733725464 0.95808619
733727384 733729304 0.9950645
733729304 733731224 0.98992229
733731224 733733144 1.002177
733733144 733735064 0.98984432
733735064 733736984 0.9854278
733736984 733738904 0.97358662
733738904 733740824 1.002701
733740824 733742744 0.99995577
733742744 733744664 0.99305612
733744664 733746584 0.99903148
733746584 733748504 0.98287851
733748504 733750424 0.9868024
733750424 733752344 0.97527832
733905919 733907839 1.035637
733907839 733909759 1.010873
733909759 733911679 1.004953
733911679 733913599 1.0151629
733913599 733915519 1.010746
733915519 733917439 1.022067
733917439 733918916 1.02539
733934982 733936902 0.97353172
734092950 734094870 0.88186789
734094870 734096790 0.88349998
734096790 734098710 0.88514411
734098710 734100630 0.88192558
734137110 734139030 0.88873261
734139030 734140950 0.88739389
734140950 734142870 0.90353
734144790 734146710 0.91348588
734146710 734148630 0.92530513
734148630 734150550 0.92607367
734150550 734152470 0.93624598
734152470 734154390 0.92527902
734154390 734156310 0.93691188
734156310 734158230 0.93585628
734158230 734160150 0.93231082
734160150 734162070 0.91584277
734162070 734163990 0.92005312
734163990 734165910 0.93152249
734178530 734180450 0.85569382
734182388 734184308 0.82432717
734184308 734186228 0.8268159
734186228 734188148 0.82242048
734188148 734190068 0.81449002
734190068 734191988 0.80519438
734213108 734215028 0.82149237
734215028 734216948 0.82519358
734216948 734218868 0.82109922
734218868 734220788 0.82117391
734220788 734222708 0.83098543
734222708 734224528 0.83127087
734231524 734233444 1.035053
734233444 734235364 1.038964
734235364 734237284 1.039706
734237284 734239204 1.043914
734239204 734241124 1.0376509
734241124 734243044 1.029107
734243044 734244964 1.023059
734244964 734246884 1.022275
734246884 734248804 1.01353
734248804 734250724 1.01246
734250724 734252156 1.0128779
734257444 734259364 0.94471532
734263204 734265124 0.93205422
734265124 734267044 0.924438
734267044 734268964 0.91735762
734268964 734270884 0.91154778
734270884 734272804 0.90990001
734272804 734274724 0.90725172
734274724 734276644 0.86832082
734276644 734278564 0.89167058
734280484 734282404 0.89028198
734282404 734284324 0.90186948
734284324 734286244 0.90090549
734286244 734288164 0.88772309
734288164 734290084 0.89235193
734290084 734292004 0.906663
734292004 734293924 0.91541672
734293924 734295844 0.91913712
734295844 734297764 0.93265402
734297764 734299684 0.93013072
734299684 734301604 0.93230969
734303524 734305444 0.94325548
734305444 734307364 0.94543111
734307364 734309284 0.93680233
734309284 734311204 0.93562818
734311204 734313124 0.95240349
734313124 734315044 0.94301182
734316964 734318884 0.96194237
734318884 734320804 0.96581548
734320804 734322724 0.95610011
734322724 734324644 0.95019072
734324644 734324999 0.9142915
734327801 734329721 0.96601099
734329721 734331641 0.96631348
734331641 734333561 0.95348632
734333561 734335481 0.95667762
734335481 734337401 0.95004958
734337401 734339321 0.95761818
734341241 734343161 0.95470399
734343161 734345081 0.95580912
734345081 734347001 0.9388507
734347001 734348156 0.94859242
734353204 734355124 0.9825893
734355124 734357044 0.98417479
734357044 734358964 0.96432328
734358964 734360884 0.95357299
734360884 734362804 0.95532489
