729330639 729332559 0.41655299
729332559 729334479 0.41089761
729334479 729336399 0.39649531
729336399 729338319 0.42846569
729387343 729389263 0.51399893
729439438 729441358 0.45231661
729459320 729461240 0.49486449
729461240 729463160 0.52502513
729463160 729465080 0.52091712
729465080 729467000 0.540636
729481877 729483797 0.55813879
729483797 729485717 0.54985732
729485717 729487637 0.50815737
729487637 729489557 0.51375079
729489557 729491477 0.49579039
729491477 729491816 0.48484421
729508717 729510637 0.50834638
729516886 729518806 0.40094069
729518806 729520726 0.40153351
729520726 729522646 0.37394449
729561725 729563645 0.44976741
729563645 729565565 0.47898519
729565565 729567485 0.48269251
729567485 729568173 0.47869921
729604131 729606051 0.46801829
729606051 729607971 0.46788621
729613731 729615651 0.47648349
729615651 729617571 0.47849259
729617571 729619491 0.488038
729619491 729621411 0.48278421
729621411 729623331 0.45772031
729699957 729701877 0.48986199
729701877 729703797 0.50675672
729709557 729711477 0.50278538
729711477 729712556 0.4705613
729842665 729844585 0.67415988
729844585 729846505 0.53782052
729850345 729851416 0.64616781
729852321 729854241 0.64561981
729854241 729856161 0.67228198
729856161 729858081 0.64488512
729858081 729860001 0.72276372
729860001 729861921 0.76034647
729861921 729863841 0.579198
730023878 730025798 0.63000083
730025798 730027718 0.59529817
730115657 730117577 0.74040997
730117577 730119497 0.61883807
730119497 730120376 0.53525817
730177532 730179452 0.54223901
730179452 730181372 0.5172624
730181372 730183292 0.47291401
730183292 730185212 0.4577446
730187132 730189052 0.54530638
730189052 730190972 0.5484423
730190972 730192892 0.53458202
730192892 730194812 0.58478308
730198652 730200572 0.44996041
730200572 730200896 0.4245404
730210744 730212664 0.43275541
730212664 730214584 0.42672151
730408739 730410659 0.60899389
730410659 730411868 0.47809821
730437022 730438942 0.4239167
730438942 730440862 0.4225505
730529544 730529699 0.70846152
730530238 730532158 0.68914503
730532158 730534078 0.60998112
730534078 730535998 0.46570271
730535998 730536757 0.42660519
730540517 730542437 0.5548088
730542437 730543976 0.4245404
730555522 730557442 0.73875862
730565122 730567042 0.68887568
730567042 730568962 0.55889243
730568962 730570882 0.61567688
730570882 730572802 0.61668491
730637587 730639507 0.85123873
730786422 730788342 0.4195942
730788342 730790262 0.43179971
730790262 730791187 0.4019787
730792964 730794884 0.5032779
730848781 730850701 0.63744551
730850701 730851481 0.65542752
730872978 730874898 0.57073438
730891090 730892596 0.57089472
731415162 731417082 0.52280992
731417082 731417756 0.52491862
732033846 732035766 0.70795602
732035766 732037272 0.55680478
732151215 732153135 0.70647222
732153135 732155055 0.69957447
732292297 732294217 0.71693951
732294217 732296137 0.68707889
732382951 732384871 0.54419219
732384871 732386463 0.5203557
732468396 732470316 0.54900211
732470316 732472236 0.51012433
732504913 732506833 0.47958949
732506833 732506998 0.46094769
732507357 732509277 0.69983977
732583072 732584992 0.4737795
732584992 732585176 0.4585939
732600009 732601929 0.67297482
732601929 732603849 0.60038579
732650058 732651978 0.60851282
732760279 732762199 0.69671339
732762199 732764119 0.61180812
732878832 732880752 0.64022249
732880752 732881696 0.61544812
732891876 732893796 0.52380449
732893796 732894176 0.4904072
732898896 732900816 0.4678441
732900816 732901736 0.36901131
733020660 733022580 0.61711693
733022580 733024500 0.56002992
733109335 733111255 0.77420372
733111255 733113175 0.80536228
733113175 733115095 0.74740219
733115095 733116116 0.77841252
733302092 733304012 0.66959041
733304012 733305932 0.59237051
733305932 733307852 0.60878378
733380724 733382644 0.61100078
733401001 733402921 0.60405213
733712348 733714268 0.56613642
733714268 733715454 0.50380951
733918020 733919240 0.67046511
733920094 733922014 0.63156509
734175377 734177297 0.79297119
734177297 734179217 0.8288753
734252058 734253978 0.52797812
734253978 734255412 0.48690349
734255543 734257463 0.52136803
734257463 734259383 0.54310572
734349288 734351208 0.65422058
734351208 734353128 0.68414772
734353128 734355048 0.7425552
729330639 729332559 0.41655299
729332559 729334479 0.41089761
729336399 729338319 0.42846569
729338319 729340239 0.43740851
729340239 729342159 0.3894915
729342159 729344079 0.3749584
729344079 729345999 0.3606016
729345999 729347919 0.33917689
729349839 729351759 0.34784499
729351759 729353679 0.3695344
729353679 729355599 0.37540561
729355599 729357519 0.38529241
729357519 729359439 0.388008
729363279 729365199 0.44172841
729365199 729367119 0.42067251
729367119 729369039 0.44722059
729369039 729370959 0.43787491
729370959 729371333 0.4307529
729387343 729389263 0.51399893
729389263 729391183 0.5321703
729391183 729393103 0.54553282
729393103 729395023 0.56611288
729410204 729412124 0.4760316
729412124 729414044 0.46570721
729414044 729415964 0.44279289
729415964 729417884 0.44970259
729417884 729419804 0.4959051
729421724 729423644 0.54058409
729423644 729425564 0.53417379
729425564 729427484 0.56838942
729429404 729431324 0.6125437
729431324 729433244 0.59882778
729433244 729435164 0.55033481
729439438 729441358 0.45231661
729441358 729443278 0.423471
729443278 729445198 0.45388761
729445198 729447118 0.46490631
729447118 729449038 0.46241251
729449038 729450958 0.45895049
729450958 729452878 0.4652907
729452878 729454798 0.48057109
729454798 729456699 0.41995299
729459320 729461240 0.49486449
729508717 729510637 0.50834638
729540236 729542156 0.53165531
729542156 729544076 0.54710048
729544076 729545030 0.50266111
729545272 729547192 0.45414791
729547192 729547976 0.44097501
729552125 729554045 0.46681091
729554045 729555965 0.51414448
729555965 729557885 0.51942283
729588771 729590691 0.45384559
729590691 729592611 0.4422197
729592611 729594531 0.44081071
729594531 729596451 0.4487958
729596451 729598371 0.44423181
729600291 729602211 0.46003389
729602211 729604131 0.47076291
729604131 729606051 0.46801829
729606051 729607971 0.46788621
729607971 729609891 0.4795692
729609891 729611811 0.48044559
729613731 729615651 0.47648349
729617571 729619491 0.488038
729619491 729621411 0.48278421
729676177 729678097 0.45267299
729678097 729680017 0.47865099
729680017 729681937 0.50516832
729681937 729683857 0.4752982
729683857 729685777 0.47412941
729685777 729686156 0.47075939
729688437 729690357 0.48183629
729690357 729692277 0.51191533
729692277 729694197 0.49258521
729694197 729696117 0.47657049
729707637 729709557 0.54835337
729709557 729711477 0.50278538
729711477 729712556 0.4705613
729754483 729756403 0.47991779
729756403 729758323 0.47494781
729758323 729760243 0.48767579
729760243 729762163 0.46643081
729762163 729764083 0.47992459
729764083 729766003 0.4760088
729766003 729767923 0.49092701
729767923 729769843 0.52457827
729769843 729771534 0.50664139
729774818 729776738 0.47081479
729776738 729778658 0.42996129
729844585 729846505 0.53782052
729846505 729848425 0.59365273
729848425 729850345 0.58141673
729850345 729851416 0.64616781
729923382 729925302 0.51018047
729925302 729927222 0.47821131
729927222 729928129 0.45466349
730025798 730027718 0.59529817
730027718 730029638 0.63696182
730029638 730031558 0.61176401
730031558 730033478 0.58720869
730033478 730035398 0.65725839
730035398 730037318 0.63983852
730037318 730039238 0.58896691
730039238 730041158 0.55083013
730041158 730043078 0.56434071
730043078 730044998 0.54405308
730044998 730046918 0.58255601
730046918 730048838 0.54776788
730048838 730050758 0.5570522
730050758 730052678 0.55672288
730084585 730086505 0.42040181
730086505 730088156 0.40487611
730093384 730095304 0.68773162
730095304 730097224 0.73120201
730097224 730099144 0.56423539
730099144 730101064 0.63708752
730101064 730102984 0.49609709
730102984 730104904 0.43880329
730104904 730106824 0.45563751
730106824 730108744 0.38652509
730108744 730109599 0.37361789
730267253 730269173 0.49455431
730269173 730271093 0.47386971
730271093 730273013 0.42650679
730273013 730273672 0.41154879
730274266 730276186 0.50742882
730276186 730278106 0.50968653
730278106 730280026 0.5216285
730280026 730281946 0.53481299
730281946 730283866 0.56426698
730283866 730285786 0.59009141
730290252 730292172 0.53009969
730292172 730294092 0.5097118
730294092 730295076 0.46741241
730425445 730427365 0.4329586
730427365 730429285 0.38379589
730429285 730429466 0.37466371
730431262 730433182 0.58779663
730433182 730435102 0.50312501
730437022 730438942 0.4239167
730438942 730440862 0.4225505
730440862 730442782 0.46024719
730442782 730444702 0.44727129
730444702 730445022 0.44211519
730459784 730461704 0.65825683
730461704 730463624 0.58987957
730463624 730465544 0.57849562
730465544 730467464 0.53731692
730467464 730469384 0.54992318
730469384 730471304 0.4588173
730471304 730472797 0.41848961
730497880 730499800 0.72305018
730508583 730510503 0.55975902
730510503 730512423 0.4856135
730512423 730514343 0.4583531
730519944 730521864 0.60274732
730521864 730523784 0.58328599
730523784 730525704 0.72588408
730525704 730527624 0.78649682
730535998 730536757 0.42660519
730553602 730555522 0.69902498
730555522 730557442 0.73875862
730557442 730559362 0.85020489
730559362 730561282 0.86488891
730567042 730568962 0.55889243
730568962 730570882 0.61567688
730570882 730572802 0.61668491
730586027 730587947 0.59654832
730587947 730589867 0.47625789
730589867 730590090 0.43691829
730597901 730599821 0.73375082
730599821 730601741 0.61953998
730601741 730603661 0.45881611
730603661 730603838 0.44884229
730611161 730613081 0.80180019
730613081 730613696 0.80839729
730616598 730618518 0.69380748
730618518 730620438 0.69378948
730620438 730622358 0.69643342
730622358 730624278 0.62495792
730624278 730625216 0.60313189
730626525 730628445 0.76389182
730628445 730630365 0.69819897
730630365 730632285 0.62034959
730637587 730639507 0.85123873
730639507 730641427 0.73188442
730641427 730643347 0.70971137
730643347 730645267 0.57788521
730645267 730645736 0.52486992
730649474 730651394 0.68025613
730651394 730653314 0.635355
730653314 730653416 0.63107771
730692620 730694540 0.56405479
730694540 730696460 0.52830929
730698380 730700285 0.38631201
730701218 730703138 0.71221948
730703138 730705058 0.6739164
730705058 730706978 0.6431905
730706978 730708898 0.59634048
730708898 730710818 0.4740285
730710818 730712738 0.48238829
730712738 730713229 0.47039551
730724134 730726054 0.51778883
730726054 730727974 0.54833817
730729894 730731814 0.57027858
730731814 730733734 0.55737168
730733734 730735654 0.5793137
730790262 730791187 0.4019787
730792964 730794884 0.5032779
730794884 730796804 0.602368
730796804 730798724 0.57992262
730798724 730800644 0.5695433
730800644 730802564 0.62988418
730802564 730804484 0.59293449
730804484 730805756 0.538993
730809613 730811533 0.59758472
730811533 730813453 0.6064688
730863362 730865282 0.53099459
730865282 730867202 0.5233494
730867202 730869122 0.45733321
730872978 730874898 0.57073438
730874898 730876818 0.55751377
730876818 730878738 0.50618601
730878738 730880215 0.44783661
730887250 730889170 0.5849784
730889170 730891090 0.58950591
730891090 730892596 0.57089472
730900524 730902444 0.5007332
730902444 730903249 0.47860211
730907783 730909703 0.55187112
730909703 730910476 0.50787848
730983501 730985421 0.62926447
730989844 730991764 0.60039079
730991764 730991936 0.59279972
730992304 730994224 0.51470369
730994224 730994516 0.49765691
731007722 731009642 0.56749111
731009642 731011562 0.55143613
731011562 731013416 0.53771001
731137968 731139888 0.53477412
731139888 731141808 0.4877052
731159410 731161330 0.49564579
731161330 731163250 0.43271959
731163250 731164880 0.40981081
731172127 731174047 0.61908501
731174047 731175967 0.54427582
731175967 731177887 0.49300751
731177887 731179807 0.4382048
731179807 731181205 0.4068301
731183113 731185033 0.58832008
731185033 731186953 0.59839082
731186953 731188873 0.56370288
731196553 731198473 0.56758732
731198473 731200393 0.58339208
731200393 731202313 0.49309731
731202313 731204233 0.45420659
731204233 731204439 0.44123891
731206580 731208500 0.58172262
731208500 731210420 0.53243172
731216180 731218100 0.64602208
731218100 731220020 0.65106452
731220020 731221940 0.63054538
731223860 731225780 0.55370712
731225780 731227700 0.59840977
731227700 731229620 0.61738741
731229620 731231540 0.62143278
731231540 731233460 0.60462737
731241140 731243060 0.58097517
731243060 731244980 0.53551781
731244980 731246900 0.51712811
731246900 731248820 0.45546621
731248820 731249472 0.41429049
731251658 731253578 0.59962541
731253578 731255498 0.50298661
731312078 731313998 0.62799138
731313998 731315918 0.5999217
731315918 731317838 0.61157519
731317838 731319758 0.54758698
731319758 731320154 0.51452333
731320745 731322665 0.61590183
731322665 731324585 0.60222501
731346039 731347959 0.53257698
731347959 731348756 0.48834431
731386791 731388711 0.42460901
731388711 731389239 0.4089891
731678317 731680237 0.54909188
731695357 731697277 0.6592468
731697277 731698496 0.60287529
731738253 731740173 0.54397202
731740173 731742093 0.50760639
731742093 731743146 0.4065372
731995379 731997299 0.58318877
731997299 731998041 0.48088741
731998589 732000509 0.70158809
732000509 732002429 0.64211631
732002429 732004349 0.56302702
732004349 732006269 0.54875141
732006269 732008189 0.55582649
732008189 732010016 0.60911518
732035766 732037272 0.55680478
732082292 732084212 0.4611716
732084212 732086132 0.4347502
732086132 732088052 0.4787519
732094714 732096634 0.82290113
732096634 732098554 0.83702523
732098554 732100474 0.73631889
732100474 732102394 0.67065448
732102394 732104314 0.49838111
732104314 732106234 0.56949008
732106234 732108154 0.60954911
732153135 732155055 0.69957447
732155055 732156975 0.63505948
732160815 732162735 0.38186011
732162735 732163936 0.3686797
732164806 732166726 0.64342302
732166726 732168646 0.57914388
732168646 732170566 0.63960427
732170566 732170982 0.62151933
732173033 732174953 0.66151631
732174953 732176873 0.53136659
732182633 732184553 0.66953212
732184553 732186473 0.67035002
732186473 732188393 0.70293951
732188393 732190313 0.66793859
732190313 732192233 0.60207409
732260248 732262168 0.46166521
732262168 732264088 0.4585534
732264088 732266008 0.41138849
732266008 732267376 0.38802299
732276678 732278598 0.67721123
732286278 732288198 0.45306191
732288198 732290118 0.45057401
732290118 732291876 0.42399019
732292297 732294217 0.71693951
732294217 732296137 0.68707889
732296137 732298057 0.60527408
732305389 732307309 0.80531192
732307309 732309229 0.78081357
732309229 732311149 0.71474469
732318997 732320917 0.54154247
732320917 732322837 0.54471529
732322837 732323138 0.52924162
732332069 732333989 0.56673318
732333989 732334861 0.47904181
732335426 732337346 0.600465
732340461 732342381 0.41899931
732342381 732344301 0.51075423
732344301 732344996 0.50390661
732354151 732356071 0.65975428
732356071 732357991 0.72604698
732357991 732359911 0.78689778
732371431 732373351 0.53249079
732373351 732375271 0.56377548
732375271 732377191 0.54122359
732377191 732379111 0.4981102
732379111 732381031 0.50792331
732382951 732384871 0.54419219
732384871 732386463 0.5203557
732387033 732388953 0.58672971
732420851 732422771 0.44486231
732422771 732423630 0.4154942
732424110 732426030 0.65695208
732426030 732427950 0.56787938
732427950 732429870 0.55244571
732429870 732431790 0.69426388
732431790 732433710 0.7007283
732433710 732435630 0.62030578
732435630 732437550 0.64220899
732437550 732439470 0.46342281
732439470 732439840 0.42966059
732441813 732443733 0.53123462
732443733 732445653 0.4401536
732445653 732446306 0.48047641
732466476 732468396 0.58161491
732468396 732470316 0.54900211
732470316 732472236 0.51012433
732472236 732474156 0.45445421
732474156 732476076 0.44539389
732476076 732476216 0.4334614
732488196 732490116 0.56465948
732490116 732492036 0.44312841
732492036 732492062 0.44206181
732507357 732509277 0.69983977
732509277 732511197 0.67126209
732513906 732515826 0.67894351
732515826 732517746 0.6376397
732517746 732519666 0.68040973
732519666 732521586 0.64763337
732521586 732523506 0.68302947
732523506 732525426 0.60756052
732525426 732527346 0.62270242
732534606 732536526 0.81084222
732536526 732538446 0.79400748
732583072 732584992 0.4737795
732586371 732588291 0.57648742
732588291 732590211 0.56120688
732590211 732592131 0.58645183
732592131 732593443 0.58358443
732600009 732601929 0.67297482
732601929 732603849 0.60038579
732603849 732605677 0.54626018
732607496 732609416 0.45946831
732609416 732611336 0.45397019
732611336 732613256 0.452788
732613256 732613863 0.42324591
732632987 732634907 0.52867478
732634907 732636827 0.4399825
732636827 732637436 0.4002471
732639536 732641456 0.60661209
732650058 732651978 0.60851282
732651978 732653898 0.61054331
732653898 732655818 0.56780231
732682256 732684176 0.80246329
732684176 732686096 0.74242407
732686096 732686658 0.71433097
732692449 732694369 0.58612889
732694369 732696289 0.51757652
732696289 732698209 0.50215358
732698209 732699975 0.45374531
732707696 732709616 0.60560358
732709616 732711536 0.5788886
732762199 732764119 0.61180812
732767959 732769879 0.6326471
732769879 732771799 0.59825259
732771799 732773719 0.58960551
732773719 732775639 0.58769488
732775639 732777559 0.61499041
732777559 732779479 0.63746572
732779479 732781399 0.69711298
732781399 732783319 0.65198541
732783319 732785239 0.68619663
732785239 732787159 0.65996188
732800412 732802332 0.67552918
732853393 732855313 0.563721
732855313 732857233 0.5982278
732857233 732859016 0.62712163
732863765 732865685 0.60151398
732865685 732867605 0.56171161
732867605 732869525 0.51041871
732869525 732871445 0.55566251
732875285 732877205 0.58664382
732877205 732877976 0.566962
732900816 732901736 0.36901131
733020660 733022580 0.61711693
733022580 733024500 0.56002992
733024500 733025036 0.54516321
733027008 733028928 0.56097227
733028928 733030848 0.64555818
733030848 733032768 0.50028777
733032768 733034579 0.4912852
733035633 733037553 0.69145089
733037553 733039473 0.63915318
733043313 733045233 0.64245248
733045233 733047153 0.67790192
733047153 733049073 0.69337362
733050993 733052913 0.64087498
733052913 733054833 0.65103441
733054833 733056753 0.63426602
733056753 733058673 0.55660468
733058673 733060253 0.42863181
733061025 733062945 0.58067799
733072545 733074465 0.44736251
733074465 733075338 0.41258889
733079564 733081484 0.70390731
733101700 733103620 0.37377229
733103620 733105540 0.37025091
733105540 733107460 0.36205581
733107460 733108394 0.35928079
733113175 733115095 0.74740219
733115095 733116116 0.77841252
733116364 733118284 0.74346262
733118284 733120204 0.77919489
733120204 733122124 0.66984189
733122124 733123616 0.77946478
733125419 733127339 0.88624692
733127339 733129259 0.83763278
733129259 733131179 0.78197289
733131179 733133099 0.74248749
733133099 733135019 0.61020458
733208905 733210825 0.65157968
733210825 733212745 0.76597852
733212745 733214665 0.83686978
733214665 733216585 0.66343248
733216585 733218505 0.65323448
733218505 733218680 0.66019189
733220163 733222083 0.52550608
733222083 733223900 0.44310579
733282550 733284470 0.65679312
733284470 733286390 0.60677522
733286390 733288310 0.56586331
733288310 733289713 0.45804071
733292492 733294412 0.75875223
733294412 733296332 0.67471099
733296332 733298252 0.60463631
733298252 733300172 0.7288987
733300172 733302092 0.6855889
733304012 733305932 0.59237051
733305932 733307852 0.60878378
733307852 733309772 0.57222408
733309772 733310979 0.50142509
733311981 733313901 0.66879469
733313901 733315821 0.59961718
733315821 733317741 0.50795257
733317741 733319661 0.58423418
733324292 733326212 0.64236897
733380724 733382644 0.61100078
733382644 733384564 0.62463999
733384564 733386484 0.60092747
733386484 733388404 0.60999829
733388404 733390324 0.58199972
733390324 733392244 0.5749101
733392244 733392416 0.57058263
733394258 733396178 0.72134829
733396178 733398098 0.69971198
733398098 733398896 0.6790421
733401001 733402921 0.60405213
733456654 733458574 0.6039145
733458574 733460494 0.49930131
733460494 733462414 0.46247989
733462414 733463882 0.45183271
733465349 733467269 0.71585351
733469189 733471109 0.72052479
733471109 733473029 0.67689568
733473029 733474949 0.6618948
733487822 733489742 0.66378093
733489742 733491662 0.59620231
733495502 733497422 0.48125499
733497422 733497682 0.46810541
733498004 733499924 0.70933038
733499924 733501844 0.68977219
733538924 733540844 0.65379131
733542764 733544684 0.68173897
733544684 733546604 0.67138213
733546604 733548028 0.51894438
733548405 733550325 0.64590043
733550325 733552245 0.47803831
733552245 733554165 0.4127712
733554165 733555629 0.39215851
733555930 733557850 0.60650891
733557850 733559770 0.61941391
733559770 733561690 0.59735358
733561690 733563610 0.57418931
733563610 733565308 0.56802279
733565496 733567416 0.60231179
733567416 733567708 0.61489081
733570311 733572231 0.68492562
733572231 733574151 0.65979707
733574151 733576071 0.62698573
733580179 733582099 0.82126552
733582099 733584019 0.83181041
733584019 733585939 0.77997971
733585939 733587859 0.65996218
733587859 733589779 0.67524832
733589779 733590028 0.67645091
733593664 733595584 0.59202629
733595584 733595859 0.56706208
733607079 733608999 0.54047608
733608999 733610919 0.48869061
733610919 733611683 0.45098659
733629040 733630960 0.49097469
733630960 733632880 0.52846098
733632880 733634800 0.51371092
733634800 733635487 0.46359071
733641226 733643146 0.52857387
733643146 733645066 0.5147891
733645066 733646986 0.51890159
733652746 733654666 0.51902419
733654666 733656586 0.5195387
733656586 733658506 0.52354431
733658506 733660426 0.51955408
733660426 733662346 0.50242549
733662346 733664266 0.49548239
733664266 733666186 0.47671789
733666186 733668106 0.46528751
733671946 733673001 0.40808389
733675229 733677149 0.70995522
733677149 733679069 0.66481888
733679069 733680989 0.61135238
733680989 733682909 0.51684457
733682909 733684829 0.53862917
733684829 733686749 0.52999312
733697700 733699620 0.50835031
733699620 733700240 0.48029929
733718137 733720057 0.49147499
733720057 733721977 0.50488353
733721977 733723897 0.53508908
733723897 733725817 0.50107211
733727737 733729657 0.52196842
733729657 733730456 0.50013429
733733739 733735659 0.69320607
733735659 733737579 0.60553801
733737579 733739499 0.4876495
733739499 733741419 0.54912227
733741419 733743339 0.70110178
733743339 733745259 0.56458491
733745259 733747179 0.60837638
733747179 733748576 0.67916602
733905479 733907399 0.51461798
733907399 733909319 0.4489696
733909319 733910677 0.45245999
733912260 733914180 0.62178493
733914180 733916100 0.66898298
733916100 733918020 0.69556618
733918020 733919240 0.67046511
734094397 734096317 0.69792199
734096317 734098237 0.72440147
734098237 734100157 0.70555902
734137677 734139054 0.47246751
734147505 734149425 0.4960835
734149425 734151345 0.56091648
734151345 734153265 0.62742883
734153265 734155185 0.59453148
734155185 734157105 0.62582982
734159025 734160945 0.63922119
734160945 734162865 0.61354452
734162865 734164785 0.61011142
734164785 734166705 0.60159308
734182416 734184336 0.72710651
734184336 734186256 0.60967767
734186256 734188176 0.49579999
734188176 734188925 0.43075091
734214386 734216306 0.65291452
734216306 734218226 0.61374199
734218226 734218790 0.56020272
734219185 734221105 0.6992985
734221105 734223025 0.72461849
734223025 734223596 0.70881099
734232037 734233098 0.44576189
734234778 734236698 0.58742797
734236698 734238618 0.52392149
734238618 734240538 0.57225019
734240538 734242458 0.57065183
734242458 734244378 0.62642568
734244378 734246298 0.64716291
734246298 734248218 0.64272982
734248218 734250138 0.54028481
734250138 734252058 0.58507842
734255543 734257463 0.52136803
734257463 734259383 0.54310572
734263223 734265143 0.59272408
734265143 734267063 0.53480989
734267063 734268983 0.54610229
734268983 734270903 0.44451761
734270903 734272277 0.39949459
734272968 734274888 0.72746593
734274888 734276808 0.74210417
734286537 734288457 0.53083521
734288457 734290377 0.55410701
734290377 734292297 0.58891928
734294217 734295909 0.62456769
734296117 734298037 0.56887913
734298037 734299957 0.50803041
734299957 734301193 0.503245
734303939 734305859 0.55253881
734305859 734307779 0.6004613
734307779 734309699 0.59043151
734309699 734311619 0.56470042
734311619 734313539 0.51442212
734313539 734314574 0.53387111
734319123 734321043 0.67345887
734321043 734322963 0.68029368
734322963 734323256 0.69119388
734337602 734339522 0.54293728
734343362 734345282 0.6004169
734345282 734347202 0.58472443
734347202 734347796 0.5903194
734353128 734355048 0.7425552
734355048 734355836 0.75118542
734357346 734359266 0.75599313
734359266 734361186 0.62560588
734361186 734361267 0.61408788
