729332104 729334024 1.386767
729334024 729335276 1.417213
729336320 729338240 1.5227211
729338240 729340160 1.544937
729340160 729342080 1.567941
729342080 729342246 1.572505
729343146 729345066 1.648682
729345066 729346316 1.572767
729350991 729352911 1.132326
729352911 729354831 1.152876
729354831 729356751 1.1398
729356751 729357476 1.146855
729364135 729366055 1.193445
729366055 729367975 1.207384
729367975 729369416 1.304039
729387421 729389341 1.401167
729389341 729391261 1.242669
729391261 729393181 1.126788
729393181 729394030 1.0545321
729410813 729412733 1.352075
729412733 729414653 1.284234
729414653 729415537 1.289425
729415700 729417620 1.359539
729417620 729419540 1.4077851
729419540 729419636 1.4099309
729422968 729424888 1.6837569
729424888 729426808 1.63617
729426808 729426956 1.6303999
729430255 729432175 1.5836639
729432175 729434095 1.541234
729434095 729434636 1.527126
729439027 729440947 1.4713939
729440947 729442867 1.543803
729442867 729444787 1.459488
729444787 729445136 1.457045
729446260 729448180 1.418409
729448180 729450100 1.419822
729450100 729452020 1.429987
729452020 729453940 1.397815
729453940 729455860 1.334677
729455860 729456476 1.361448
729458042 729459962 1.4230731
729459962 729461882 1.333919
729461882 729463802 1.260402
729463802 729464996 1.238829
729482652 729484572 1.3404191
729484572 729486056 1.385429
729486954 729488874 1.5561481
729488874 729490794 1.476317
729490794 729491756 1.452374
729507003 729508923 1.236735
729508923 729509936 1.314873
729519153 729521073 1.616812
729521073 729521516 1.5923589
729541324 729543244 1.521758
729543244 729543476 1.524273
729544470 729546390 1.495098
729546390 729547736 1.502442
729553465 729555385 1.190986
729555385 729556221 1.1613899
729563039 729564959 1.4972579
729564959 729566879 1.4940701
729566879 729567716 1.463855
729573621 729575541 1.57915
729575541 729576656 1.565902
729588838 729590758 1.653227
729590758 729592678 1.620874
729592678 729594598 1.546816
729594598 729596516 1.4696749
729602186 729604106 1.5762531
729604106 729606026 1.544217
729606026 729607946 1.4915349
729607946 729609866 1.40632
729609866 729610092 1.390515
729614576 729616496 1.453571
729616496 729618416 1.403051
729618416 729620336 1.365716
729620336 729621056 1.353494
729649390 729651310 1.600064
729651310 729653230 1.621356
729653230 729654761 1.587662
729669124 729671044 1.68325
729671044 729672964 1.684845
729672964 729674884 1.677397
729674884 729676804 1.737439
729676804 729678724 1.754321
729678724 729680156 1.755977
729680848 729682768 1.750777
729682768 729684688 1.77068
729684688 729685376 1.723085
729688883 729690803 1.677168
729690803 729692723 1.661775
729692723 729694643 1.578169
729694643 729695276 1.526637
729700774 729702694 1.350832
729702694 729702836 1.3503881
729708863 729710783 1.423992
729710783 729711896 1.325984
729733457 729735377 1.271834
729735377 729737297 1.2023439
729737297 729737780 1.211019
729754143 729756063 1.535754
729756063 729756716 1.530838
729758500 729760420 1.4566129
729760420 729762340 1.467343
729762340 729764260 1.4659441
729764260 729766180 1.4641531
729766180 729768100 1.468231
729768100 729770020 1.49156
729770020 729771940 1.437342
729771940 729773860 1.409963
729773860 729775780 1.370973
729775780 729777132 1.357931
729788166 729790086 1.225116
729790086 729791342 1.224507
729796402 729798322 1.362637
729798322 729800242 1.383351
729800242 729802162 1.336152
729802162 729803576 1.282411
729842008 729843928 1.505911
729843928 729845848 1.490942
729845848 729846536 1.490371
729848073 729849993 1.382642
729849993 729851913 1.407043
729851913 729853833 1.410744
729853833 729855753 1.446981
729855753 729857673 1.434162
729857673 729859593 1.396585
729859593 729861513 1.324404
729861513 729862016 1.232831
729924989 729926909 1.5998369
729926909 729928829 1.624846
729928829 729928976 1.587724
730015341 730017261 1.480106
730017261 730019181 1.513212
730019181 730021101 1.49716
730021101 730023021 1.458205
730023021 730024941 1.384261
730024941 730025156 1.380223
730026087 730028007 1.4317141
730028007 730029927 1.432041
730029927 730031847 1.3390011
730031847 730032176 1.321519
730034071 730035991 1.370141
730035991 730037911 1.3314281
730037911 730039831 1.294479
730039831 730041751 1.3438849
730041751 730043671 1.384063
730043671 730045591 1.399109
730045591 730047511 1.453257
730047511 730049431 1.436609
730049431 730051351 1.406657
730051351 730051736 1.40894
730084452 730086372 1.284124
730086372 730086416 1.284055
730094252 730096172 1.296417
730096172 730098092 1.365209
730098092 730099916 1.432842
730100046 730101966 1.489327
730101966 730103886 1.565415
730103886 730105806 1.594655
730105806 730107726 1.631763
730107726 730109646 1.688392
730109646 730111566 1.699353
730115095 730117015 1.693885
730117015 730117541 1.687722
730118595 730120515 1.636376
730120515 730122435 1.533838
730122435 730124355 1.477443
730124355 730125207 1.463233
730179645 730181565 1.796268
730181565 730182730 1.75362
730187731 730189651 1.6041
730189651 730191571 1.656306
730191571 730192676 1.6144331
730200155 730202075 1.632552
730202075 730202876 1.539554
730209539 730211459 1.4693021
730211459 730213196 1.395162
730268139 730270059 1.642763
730270059 730271979 1.6236579
730271979 730273899 1.6044281
730273899 730275819 1.60151
730275819 730277276 1.642642
730278617 730280537 1.722448
730280537 730282457 1.680184
730282457 730284377 1.7316639
730284377 730285156 1.673542
730287563 730289483 1.51861
730289483 730291403 1.601701
730291403 730291791 1.5979691
730292267 730294187 1.444019
730294187 730294376 1.4118479
730407580 730409500 1.479745
730409500 730411196 1.4939539
730427367 730429287 1.6930799
730429287 730429527 1.692987
730432070 730433990 1.755862
730433990 730434116 1.748867
730438019 730439939 1.700464
730439939 730441859 1.827159
730441859 730443119 1.87558
730458520 730460440 1.610312
730460440 730462360 1.583177
730462360 730464280 1.540656
730464280 730466200 1.628231
730466200 730468120 1.583123
730468120 730470040 1.47727
730470040 730471754 1.498071
730495263 730497183 1.308429
730497183 730498796 1.228315
730510273 730512193 1.631498
730512193 730513616 1.630283
730520813 730522733 1.821297
730522733 730524653 1.848263
730524653 730526573 1.744054
730526573 730527383 1.784622
730530002 730531922 1.64939
730531922 730533842 1.692412
730533842 730534088 1.688179
730534218 730536138 1.659299
730536138 730537997 1.597906
730541224 730543144 1.78613
730543144 730545064 1.77684
730545064 730546984 1.776749
730546984 730548236 1.78655
730550155 730552075 1.698162
730552075 730553995 1.664068
730553995 730555915 1.6625479
730555915 730557835 1.6746891
730557835 730559336 1.623314
730566605 730568525 1.451246
730568525 730570445 1.437807
730570445 730571636 1.3925
730580220 730582140 1.748354
730582140 730583772 1.57885
730587094 730589014 1.873155
730589014 730590934 1.8584681
730590934 730592854 1.690491
730592854 730594774 1.9322391
730594774 730596694 1.978255
730596694 730598614 1.99122
730598614 730600534 1.992022
730600534 730602236 2.00056
730603474 730605394 1.7518589
730605394 730607314 1.687492
730607314 730609234 1.698161
730609234 730609436 1.711411
730610602 730612522 1.91826
730612522 730614442 1.941988
730614442 730616362 1.942013
730616362 730618282 1.965336
730618282 730620202 1.97567
730620202 730622122 2.050107
730622122 730624042 2.0410099
730624042 730625962 2.035804
730625962 730627882 2.0313261
730627882 730629802 1.99148
730629802 730631696 2.008992
730637710 730639630 1.699006
730639630 730641550 1.674538
730641550 730643470 1.53874
730643470 730643493 1.539948
730644320 730646240 2.009526
730646240 730648160 1.959022
730648160 730650080 1.913427
730650080 730652000 1.8572299
730652000 730653920 1.84026
730653920 730654376 1.829139
730665111 730667031 1.840957
730667031 730668164 1.943961
730678016 730679936 1.9278539
730679936 730681856 1.880982
730691456 730693376 1.970922
730693376 730695296 1.897658
730695296 730695846 1.898072
730699830 730701750 1.584956
730701750 730703670 1.596999
730703670 730705590 1.60321
730705590 730707510 1.6228009
730707510 730709430 1.518079
730709430 730711350 1.545271
730711350 730713270 1.52382
730713270 730715190 1.431368
730715190 730717110 1.472494
730717110 730719030 1.472647
730719030 730720950 1.3457659
730720950 730721036 1.340301
730722614 730724534 1.463848
730724534 730726376 1.393683
730731811 730733731 1.29914
730733731 730735196 1.264333
730788785 730790705 1.639778
730790705 730792625 1.608152
730792625 730794545 1.792985
730794545 730796465 1.874172
730796465 730798385 1.874788
730798385 730799654 1.918028
730799784 730801704 1.872275
730801704 730803624 1.72665
730803624 730805036 1.8198889
730809185 730811105 1.967141
730811105 730811874 1.9569761
730851244 730853164 1.892308
730863605 730865525 1.815703
730865525 730867445 1.820681
730867445 730867916 1.797062
730872233 730874153 1.699986
730874153 730876073 1.733292
730876073 730877993 1.665298
730877993 730879316 1.628433
730889177 730891097 1.534948
730891097 730893017 1.594772
730893017 730894937 1.545774
730894937 730896857 1.51248
730896857 730897076 1.4816591
730898263 730900183 1.6570669
730900183 730902103 1.544765
730902103 730902906 1.499525
730909727 730911647 1.561534
730911647 730911716 1.5591691
730979468 730981388 2.2231891
730981388 730983308 2.0439191
730983308 730983596 2.019325
730991501 730993421 1.764764
730993421 730993916 1.719388
731006449 731008369 1.72649
731008369 731010289 1.771078
731010289 731012209 1.779737
731012209 731013056 1.734453
731139015 731140935 1.582433
731140935 731141325 1.584543
731160426 731162346 1.6816421
731162346 731164266 1.739816
731164266 731166186 1.798605
731166186 731166712 1.776697
731171343 731173263 1.654591
731173263 731174332 1.645002
731174464 731176384 1.637789
731176384 731176916 1.617089
731179602 731181522 1.513176
731181522 731183442 1.4579951
731183442 731185362 1.3903151
731185362 731187282 1.12808
731187282 731187896 1.117081
731197388 731199308 1.4505531
731199308 731201228 1.496245
731201228 731203148 1.517166
731203148 731203796 1.528236
731205219 731207139 1.327296
731207139 731209059 1.305954
731209059 731210336 1.309876
731217609 731219529 1.889411
731219529 731220236 1.85639
731223980 731225900 1.729957
731225900 731226956 1.711817
731228404 731230324 1.885125
731230324 731232116 1.894037
731241273 731243193 1.941897
731243193 731244776 1.969925
731246243 731248163 1.825335
731248163 731248376 1.840759
731250020 731251940 1.996896
731251940 731253656 1.984037
731268176 731270096 1.937498
731270096 731271956 1.917359
731272995 731274915 1.97747
731274915 731276835 1.797207
731276835 731277236 1.711939
731300436 731302356 1.89605
731302356 731304276 1.921809
731304276 731304596 1.930787
731305911 731307831 1.927968
731307831 731309696 1.968769
731312025 731313945 1.840143
731313945 731315796 1.863346
731315926 731317846 1.890484
731317846 731319116 1.887574
731321551 731323471 1.755776
731323471 731323862 1.760144
731346315 731348235 1.549163
731348235 731348336 1.544323
731387488 731389408 1.62851
731389408 731391071 1.6109509
731391201 731393121 1.6093169
731393121 731394536 1.588716
731415265 731417185 1.399465
731417185 731418416 1.335017
731489184 731491104 1.853326
731491104 731491616 1.844661
731578824 731580744 1.8800009
731580744 731582156 1.91371
731583504 731585424 1.854838
731585424 731586536 1.867231
731596169 731598089 1.679449
731598089 731599676 1.708006
731603478 731605398 1.539757
731605398 731605562 1.546254
731667458 731669378 1.825179
731669378 731671298 1.8188159
731671298 731671376 1.812849
731675130 731677050 1.392017
731677050 731678970 1.44368
731678970 731679476 1.421122
731697268 731699188 1.322903
731699188 731701108 1.323306
731701108 731703028 1.313203
731703028 731704948 1.272681
731704948 731706350 1.151821
731716543 731718463 1.668368
731718463 731720383 1.6184959
731720383 731722303 1.74638
731722303 731724223 1.769022
731724223 731724236 1.768023
731729922 731731842 1.759238
731731842 731733762 1.76073
731733762 731734136 1.740427
731738824 731740744 1.822958
731740744 731742356 1.837821
731767384 731769304 1.871242
731769304 731771224 1.896904
731773562 731775482 1.951775
731775482 731776616 1.940406
731822753 731824673 1.910848
731824673 731826593 2.0116911
731826593 731828513 2.1192169
731828513 731830253 2.1025751
731832587 731834507 2.1479831
731834507 731834876 2.1563239
731878812 731880732 1.666469
731880732 731882516 1.685841
731884946 731886866 1.70126
731886866 731888096 1.681123
731889785 731891705 1.511505
731891705 731893625 1.4897701
731893625 731895545 1.505577
731895545 731897465 1.5270801
731897465 731899385 1.536783
731899385 731901305 1.577055
731901305 731901596 1.577467
731909165 731911085 2.0333731
731911085 731913005 2.036803
731913005 731914925 2.084095
731914925 731916845 2.063952
731916845 731918765 2.087152
731918765 731920316 2.0920911
731931604 731933524 2.088753
731933524 731933685 2.0912161
731935144 731937064 2.2361829
731937064 731938796 2.2243409
731946160 731948080 1.91766
731948080 731950000 1.925972
731950000 731950376 1.9256459
731951631 731953551 2.056689
731953551 731953976 2.0289879
731971044 731972964 1.701864
731972964 731973716 1.665134
731985364 731987284 1.721226
731991668 731993588 1.7780091
731993588 731995508 1.7843879
731995508 731996636 1.796679
731998437 732000357 1.8022929
732000357 732001496 1.8378381
732003484 732005404 1.847906
732005404 732007324 1.79812
732007324 732009244 1.791466
732009244 732011036 1.835089
732034795 732036715 1.5449589
732036715 732037770 1.584548
732083352 732085272 1.851778
732085272 732086696 1.597453
732093630 732095550 1.362096
732095550 732097227 1.260841
732098397 732100317 1.694428
732100317 732100496 1.695137
732103437 732105357 1.986241
732105357 732106196 1.980684
732149610 732151530 1.37809
732151530 732153450 1.407801
732153450 732155370 1.329452
732155370 732155623 1.333158
732161104 732163024 1.568347
732163024 732163496 1.591856
732166344 732168264 1.478562
732168264 732170184 1.527989
732170184 732170396 1.526546
732173166 732175086 1.809597
732175086 732176507 1.820552
732184088 732186008 1.632172
732186008 732187928 1.634907
732187928 732189848 1.638087
732189848 732190316 1.600975
732260657 732262577 1.532465
732262577 732264497 1.553043
732264497 732266036 1.57515
732276424 732278344 1.639406
732278344 732278438 1.6382461
732286996 732288916 1.5493701
732288916 732290836 1.494303
732290836 732291669 1.497391
732291799 732293719 1.484526
732293719 732295639 1.5337811
732295639 732297559 1.514401
732297559 732297776 1.511705
732305738 732307658 1.451421
732307658 732309578 1.357887
732309578 732310676 1.4207571
732319867 732321787 1.413214
732321787 732321903 1.406409
732330454 732332374 1.704609
732332374 732334294 1.749208
732334294 732336214 1.805956
732336214 732336416 1.799693
732341032 732342952 1.882899
732342952 732344872 1.895732
732344872 732346792 1.906989
732346792 732348712 1.8998049
732348712 732350623 1.889547
732355553 732357473 1.719312
732357473 732358436 1.730221
732372943 732374863 2.1062551
732374863 732375176 2.1212609
732376097 732378017 2.061038
732378017 732379796 2.0129969
732383299 732385219 1.560946
732385219 732387139 1.469942
732387139 732388856 1.345292
732421560 732423480 1.723515
732423480 732425400 1.6932141
732425400 732427320 1.730167
732427320 732429240 1.806118
732429240 732431160 1.854443
732431160 732431857 1.897236
732431987 732433907 1.906758
732433907 732435827 1.951037
732435827 732437747 1.946203
732437747 732439667 1.952469
732439667 732441587 1.925266
732441587 732443507 1.9259419
732443507 732445427 1.875632
732445427 732446393 1.883209
732448764 732450684 1.776611
732450684 732450956 1.7790689
732466628 732468548 1.787455
732468548 732470468 1.8392299
732470468 732471848 1.892436
732471978 732473898 1.686056
732473898 732475818 1.754764
732475818 732477536 1.726846
732488805 732490725 1.7868789
732490725 732492645 1.835637
732492645 732494565 1.873165
732494565 732496485 1.8331521
732496485 732498405 1.947825
732504165 732506085 1.782308
732506085 732508005 1.711759
732508005 732509276 1.674588
732513364 732515284 1.926216
732515284 732517204 1.968084
732517204 732519124 1.9965661
732519124 732521044 2.0119841
732521044 732522964 1.9958479
732522964 732524884 1.968214
732524884 732526804 1.878844
732526804 732527023 1.894204
732533119 732535039 2.022851
732535039 732536959 1.9826519
732536959 732536996 1.977699
732543015 732544935 1.561496
732544935 732546855 1.573175
732546855 732548775 1.409833
732548775 732549416 1.319073
732582057 732583977 1.595943
732583977 732585897 1.570195
732585897 732587323 1.4790961
732587835 732589755 1.5801001
732589755 732591675 1.41438
732591675 732592736 1.398892
732600616 732602536 1.916559
732602536 732604456 1.917804
732604456 732605396 1.918171
732607041 732608961 1.9845591
732608961 732610881 1.978948
732610881 732612801 1.985509
732612801 732614721 1.980922
732614721 732616376 1.968689
732632609 732634529 1.582754
732634529 732636449 1.534724
732636449 732638369 1.500398
732638369 732640196 1.508539
732648328 732650248 1.451342
732650248 732652168 1.450021
732652168 732654088 1.408453
732654088 732654416 1.412089
732682281 732684201 1.5632091
732684201 732686121 1.57928
732686121 732686956 1.5645911
732694257 732696177 1.791733
732696177 732698097 1.813974
732698097 732699596 1.832544
732708790 732710710 1.965263
732710710 732710756 1.957914
732758094 732760014 1.266344
732760014 732761934 1.399567
732761934 732763616 1.4029419
732768250 732770170 1.422011
732770170 732772090 1.418312
732772090 732774010 1.419697
732774010 732775930 1.3951761
732775930 732777850 1.372691
732777850 732779770 1.362406
732779770 732779816 1.3610409
732783107 732785027 1.846614
732785027 732786416 1.865833
732797828 732799748 1.948985
732799748 732801596 1.9108419
732854368 732856288 1.693169
732856288 732858208 1.6260819
732858208 732858457 1.6218131
732864847 732866767 1.822369
732866767 732868687 1.814647
732868687 732870296 1.7680039
732875598 732877518 1.825871
732877518 732879438 1.824062
732879438 732881358 1.794606
732881358 732883278 1.757901
732883278 732883736 1.7362159
732890703 732892623 1.551404
732892623 732893876 1.573339
732900160 732902080 1.553622
732902080 732903116 1.54479
733022128 733024048 1.313076
733024048 733025968 1.502754
733025968 733027556 1.514936
733028974 733030894 1.632463
733030894 733032814 1.478238
733032814 733034734 1.494706
733034734 733036654 1.570691
733036654 733038019 1.3218189
733045257 733047177 1.640841
733047177 733047476 1.696394
733052296 733054216 1.576142
733054216 733056136 1.553097
733056136 733058056 1.60737
733058056 733059976 1.519668
733059976 733061896 1.469051
733061896 733062836 1.4373569
733073451 733075371 1.707908
733075371 733077291 1.66513
733077291 733079211 1.682624
733079211 733079576 1.670051
733085769 733087689 1.602868
733087689 733089609 1.490662
733089609 733090076 1.459361
733102624 733104544 1.396073
733104544 733106464 1.276958
733106464 733107878 1.163516
733109012 733110932 1.716398
733110932 733111916 1.694836
733113371 733115291 1.753885
733115291 733117211 1.71093
733117211 733119131 1.688681
733119131 733119776 1.670979
733121368 733123288 1.362471
733123288 733124704 1.3099869
733126274 733128194 1.394628
733128194 733128296 1.391593
733130179 733132099 1.531863
733132099 733133336 1.52306
733209805 733211725 1.922907
733211725 733213645 1.935433
733213645 733215565 1.922277
733215565 733217485 1.812655
733217485 733219405 1.847349
733219405 733220709 1.81469
733220839 733222759 1.8365901
733222759 733222796 1.836807
733281764 733283684 1.715279
733283684 733285604 1.72675
733285604 733287524 1.723424
733287524 733289336 1.692391
733294351 733296271 1.985628
733296271 733296956 2.0075121
733298486 733300406 2.071851
733300406 733300662 2.06091
733303934 733305854 1.805717
733305854 733307774 1.7786191
733307774 733309694 1.813391
733309694 733310756 1.81143
733312937 733314857 1.664767
733314857 733316777 1.695896
733316777 733318496 1.691313
733321281 733323201 1.740088
733323201 733324976 1.661921
733373540 733375460 1.584554
733375460 733376216 1.539732
733380684 733382604 2.0546939
733382604 733384524 2.0692511
733384524 733386444 2.020597
733386444 733388364 1.992318
733388364 733390284 1.981804
733390284 733392204 2.0104761
733392204 733394124 2.0458801
733394124 733396044 2.047184
733396044 733397964 2.0439551
733397964 733399884 2.031074
733399884 733401804 1.946087
733401804 733402556 1.9270509
733451246 733453166 1.746949
733453166 733453256 1.759689
733457586 733459506 1.579844
733459506 733461426 1.48204
733461426 733463346 1.612897
733463346 733465266 1.57889
733465266 733465496 1.568706
733470949 733472869 1.81859
733472869 733474556 1.885033
733485807 733487727 2.126009
733487727 733488296 2.1312521
733489149 733491069 2.0025711
733491069 733491236 1.991183
733495910 733497830 1.60921
733497830 733499750 1.6258039
733499750 733501316 1.476171
733534416 733536336 1.598858
733536336 733538256 1.709372
733538256 733540176 1.657021
733540176 733540196 1.6540051
733543142 733545062 2.0830081
733545062 733546982 2.190284
733546982 733548902 2.1798251
733548902 733550822 2.203109
733550822 733552742 2.17067
733552742 733554662 2.122442
733554662 733556582 2.138273
733556582 733558502 2.1212251
733558502 733560422 2.0203619
733560422 733562342 1.964058
733562342 733564262 1.9040149
733564262 733565756 1.865998
733569124 733571044 1.9631079
733571044 733572964 2.0024741
733572964 733574753 2.033572
733582024 733583944 1.9765739
733583944 733585864 1.914023
733585864 733587784 1.843937
733587784 733589704 1.85263
733589704 733591624 1.834807
733591624 733593544 1.809323
733593544 733595464 1.689556
733595464 733596176 1.612722
733608867 733610787 1.646033
733610787 733612707 1.6031851
733612707 733614627 1.465322
733614627 733616547 1.3857501
733616547 733617415 1.40501
733629502 733631422 1.931864
733631422 733633342 1.986511
733633342 733635262 1.967675
733635262 733637182 1.942138
733637182 733639102 1.874976
733639102 733641022 1.857417
733641022 733642942 1.835299
733642942 733644862 1.855828
733644862 733646782 1.8146009
733646782 733646879 1.817878
733652987 733654907 1.964816
733654907 733656827 1.958829
733656827 733658747 1.9707381
733658747 733660667 1.953047
733660667 733662587 1.973708
733662587 733664507 1.965503
733664507 733666427 1.9371049
733666427 733667336 1.929095
733672929 733674849 1.794664
733674849 733676769 1.758459
733676769 733678689 1.770108
733678689 733680056 1.818012
733682887 733684807 1.5255131
733684807 733685276 1.516911
733695282 733697202 1.594607
733697202 733699122 1.695802
733699122 733701042 1.699715
733701042 733702962 1.790382
733702962 733704882 1.777182
733704882 733706802 1.752409
733706802 733707596 1.770156
733709492 733711412 1.778088
733711412 733713332 1.792577
733713332 733715252 1.671753
733715252 733717172 1.73531
733717172 733719092 1.807209
733719092 733721012 1.808177
733721012 733722932 1.773831
733722932 733724276 1.751822
733728064 733729984 1.95936
733729984 733731904 2.0119121
733731904 733733824 1.983573
733733824 733735744 1.999962
733735744 733737664 1.977002
733737664 733737896 1.955004
733740726 733742646 1.81789
733742646 733744566 1.770481
733744566 733746486 1.751
733746486 733748406 1.723022
733748406 733749836 1.639215
733907269 733909189 1.770413
733909189 733911109 1.801254
733911109 733913029 1.799556
733913029 733914949 1.817986
733914949 733916869 1.8292691
733916869 733918789 1.8257461
733918789 733920536 1.719929
733932784 733934704 1.307488
733934704 733934970 1.307443
734095168 734097088 1.4159
734097088 734099008 1.411482
734099008 734099587 1.437435
734137773 734139693 1.484686
734139693 734141164 1.417205
734146679 734148599 1.484
734148599 734150519 1.4848861
734150519 734152439 1.446106
734152439 734153578 1.4277689
734153708 734155628 1.394142
734155628 734156696 1.385083
734159097 734161017 1.559512
734161017 734161777 1.569805
734161907 734163827 1.605788
734163827 734164856 1.58436
734173984 734175904 1.810841
734175904 734177824 1.744662
734177824 734178116 1.7212141
734181994 734183914 1.640873
734183914 734185834 1.6042351
734185834 734187754 1.635993
734187754 734189674 1.559406
734189674 734191031 1.547104
734214155 734216075 1.457938
734216075 734217995 1.422267
734217995 734218796 1.396873
734221042 734222962 1.524513
734222962 734223776 1.500751
734232550 734234470 1.516822
734234470 734235296 1.479501
734238207 734240127 1.599841
734240127 734242047 1.547472
734242047 734243967 1.514287
734243967 734245887 1.497303
734245887 734247807 1.493631
734247807 734249727 1.701095
734249727 734250716 1.7618459
734253922 734255842 1.666451
734255842 734257762 1.6601419
734257762 734258696 1.632701
734264055 734265975 1.709849
734265975 734267895 1.696775
734267895 734269815 1.700393
734269815 734271735 1.6666549
734271735 734273655 1.638787
734273655 734275575 1.584532
734275575 734276216 1.615464
734281994 734283914 1.763574
734283914 734285834 1.799281
734285834 734287754 1.7215739
734287754 734289674 1.58462
734289674 734290796 1.469943
734294428 734296348 1.579504
734296348 734298268 1.532095
734298268 734299916 1.4879349
734304975 734306895 1.501496
734306895 734308815 1.457328
734308815 734310735 1.497448
734310735 734312655 1.511889
734312655 734313656 1.463221
734319444 734321364 1.551915
734321364 734323284 1.558895
734323284 734325204 1.567169
734325204 734326136 1.602128
734327484 734329404 1.460464
734329404 734331324 1.44855
734331324 734333244 1.455245
734333244 734335164 1.453493
734335164 734337084 1.416911
734337084 734338136 1.4088041
734343558 734345478 1.6553921
734345478 734347398 1.690305
734347398 734349318 1.674166
734349318 734351238 1.689671
734351238 734353158 1.662886
734353158 734355078 1.586966
734355078 734355596 1.559502
734357417 734359337 1.026003
734359337 734360996 1.005639
