729273613 729274213
729279983 729280583
729286353 729286953
729292723 729293323
729299093 729299693
729305463 729306063
729311833 729312433
729318203 729318803
729324573 729325173
729330943 729331543
729337313 729337913
729343683 729344283
729350053 729350653
729356423 729357023
729362793 729363393
729369163 729369763
729375533 729376133
729381903 729382503
729388273 729388873
729394643 729395243
729401013 729401613
729407383 729407983
729413753 729414353
729420123 729420723
729426493 729427093
729432863 729433463
729439233 729439833
729445603 729446203
729451973 729452573
729458343 729458943
729464713 729465313
729471083 729471683
729477453 729478053
729483823 729484423
729490193 729490793
729496563 729497163
729502933 729503533
729509303 729509903
729515673 729516273
729522043 729522643
729528413 729529013
729534783 729535383
729541153 729541753
729547523 729548123
729553893 729554493
729560263 729560863
729566633 729567233
729573003 729573603
729579373 729579973
729585743 729586343
729592113 729592713
729598483 729599083
729604853 729605453
729611223 729611823
729617593 729618193
729623963 729624563
729630333 729630933
729636703 729637303
729643073 729643673
729649443 729650043
729655813 729656413
729662183 729662783
729668553 729669153
729674923 729675523
729681293 729681893
729687663 729688263
729694033 729694633
729700403 729701003
729706773 729707373
729713143 729713743
729719513 729720113
729725883 729726483
729732253 729732853
729738623 729739223
729744993 729745593
729751363 729751963
729757733 729758333
729764103 729764703
729770473 729771073
729776843 729777443
729783213 729783813
729789583 729790183
729795953 729796553
729802323 729802923
729808693 729809293
729815063 729815663
729821433 729822033
729827803 729828403
729834173 729834773
729840543 729841143
729846913 729847513
729853283 729853883
729859653 729860253
729866023 729866623
729872393 729872993
729878763 729879363
729885133 729885733
729891503 729892103
729897873 729898473
729904243 729904843
729910613 729911213
729916983 729917583
729923353 729923953
729929723 729930323
729936093 729936693
729942463 729943063
729948833 729949433
729955203 729955803
729961573 729962173
729967943 729968543
729974313 729974913
729980683 729981283
729987053 729987653
729993423 729994023
729999793 730000393
730006163 730006763
730012533 730013133
730018903 730019503
730025273 730025873
730031643 730032243
730038013 730038613
730044383 730044983
730050753 730051353
730057123 730057723
730063493 730064093
730069863 730070463
730076233 730076833
730082603 730083203
730088973 730089573
730095343 730095943
730101713 730102313
730108083 730108683
730114453 730115053
730120823 730121423
730127193 730127793
730133563 730134163
730139933 730140533
730146303 730146903
730152673 730153273
730159043 730159643
730165413 730166013
730171783 730172383
730178153 730178753
730184523 730185123
730190893 730191493
730197263 730197863
730203633 730204233
730210003 730210603
730216373 730216973
730222743 730223343
730229113 730229713
730235483 730236083
730241853 730242453
730248223 730248823
730254593 730255193
730260963 730261563
730267333 730267933
730273703 730274303
730280073 730280673
730286443 730287043
730292813 730293413
730299183 730299783
730305553 730306153
730311923 730312523
730318293 730318893
730324663 730325263
730331033 730331633
730337403 730338003
730343773 730344373
730350143 730350743
730356513 730357113
730362883 730363483
730369253 730369853
730375623 730376223
730381993 730382593
730388363 730388963
730394733 730395333
730401103 730401703
730407473 730408073
730413843 730414443
730420213 730420813
730426583 730427183
730432953 730433553
730439323 730439923
730445693 730446293
730452063 730452663
730458433 730459033
730464803 730465403
730471173 730471773
730477543 730478143
730483913 730484513
730490283 730490883
730496653 730497253
730503023 730503623
730509393 730509993
730515763 730516363
730522133 730522733
730528503 730529103
730534873 730535473
730541243 730541843
730547613 730548213
730553983 730554583
730560353 730560953
730566723 730567323
730573093 730573693
730579463 730580063
730585833 730586433
730592203 730592803
730598573 730599173
730604943 730605543
730611313 730611913
730617683 730618283
730624053 730624653
730630423 730631023
730636793 730637393
730643163 730643763
730649533 730650133
730655903 730656503
730662273 730662873
730668643 730669243
730675013 730675613
730681383 730681983
730687753 730688353
730694123 730694723
730700493 730701093
730706863 730707463
730713233 730713833
730719603 730720203
730725973 730726573
730732343 730732943
730738713 730739313
730745083 730745683
730751453 730752053
730757823 730758423
730764193 730764793
730770563 730771163
730776933 730777533
730783303 730783903
730789673 730790273
730796043 730796643
730802413 730803013
730808783 730809383
730815153 730815753
730821523 730822123
730827893 730828493
730834263 730834863
730840633 730841233
730847003 730847603
730853373 730853973
730859743 730860343
730866113 730866713
730872483 730873083
730878853 730879453
730885223 730885823
730891593 730892193
730897963 730898563
730904333 730904933
730910703 730911303
730917073 730917673
730923443 730924043
730929813 730930413
730936183 730936783
730942553 730943153
730948923 730949523
730955293 730955893
730961663 730962263
730968033 730968633
730974403 730975003
730980773 730981373
730987143 730987743
730993513 730994113
730999883 731000483
731006253 731006853
731012623 731013223
731018993 731019593
731025363 731025963
731031733 731032333
731038103 731038703
731044473 731045073
731050843 731051443
731057213 731057813
731063583 731064183
731069953 731070553
731076323 731076923
731082693 731083293
731089063 731089663
731095433 731096033
731101803 731102403
731108173 731108773
731114543 731115143
731120913 731121513
731127283 731127883
731133653 731134253
731140023 731140623
731146393 731146993
731152763 731153363
731159133 731159733
731165503 731166103
731171873 731172473
731178243 731178843
731184613 731185213
731190983 731191583
731197353 731197953
731203723 731204323
731210093 731210693
731216463 731217063
731222833 731223433
731229203 731229803
731235573 731236173
731241943 731242543
731248313 731248913
731254683 731255283
731261053 731261653
731267423 731268023
731273793 731274393
731280163 731280763
731286533 731287133
731292903 731293503
731299273 731299873
731305643 731306243
731312013 731312613
731318383 731318983
731324753 731325353
731331123 731331723
731337493 731338093
731343863 731344463
731350233 731350833
731356603 731357203
731362973 731363573
731369343 731369943
731375713 731376313
731382083 731382683
731388453 731389053
731394823 731395423
731401193 731401793
731407563 731408163
731413933 731414533
731420303 731420903
731426673 731427273
731433043 731433643
731439413 731440013
731445783 731446383
731452153 731452753
731458523 731459123
731464893 731465493
731471263 731471863
731477633 731478233
731484003 731484603
731490373 731490973
731496743 731497343
731503113 731503713
731509483 731510083
731515853 731516453
731522223 731522823
731528593 731529193
731534963 731535563
731541333 731541933
731547703 731548303
731554073 731554673
731560443 731561043
731566813 731567413
731573183 731573783
731579553 731580153
731585923 731586523
731592293 731592893
731598663 731599263
731605033 731605633
731611403 731612003
731617773 731618373
731624143 731624743
731630513 731631113
731636883 731637483
731643253 731643853
731649623 731650223
731655993 731656593
731662363 731662963
731668733 731669333
731675103 731675703
731681473 731682073
731687843 731688443
731694213 731694813
731700583 731701183
731706953 731707553
731713323 731713923
731719693 731720293
731726063 731726663
731732433 731733033
731738803 731739403
731745173 731745773
731751543 731752143
731757913 731758513
731764283 731764883
731770653 731771253
731777023 731777623
731783393 731783993
731789763 731790363
731796133 731796733
731802503 731803103
731808873 731809473
731815243 731815843
731821613 731822213
731827983 731828583
731834353 731834953
731840723 731841323
731847093 731847693
731853463 731854063
731859833 731860433
731866203 731866803
731872573 731873173
731878943 731879543
731885313 731885913
731891683 731892283
731898053 731898653
731904423 731905023
731910793 731911393
731917163 731917763
731923533 731924133
731929903 731930503
731936273 731936873
731942643 731943243
731949013 731949613
731955383 731955983
731961753 731962353
731968123 731968723
731974493 731975093
731980863 731981463
731987233 731987833
731993603 731994203
731999973 732000573
732006343 732006943
732012713 732013313
732019083 732019683
732025453 732026053
732031823 732032423
732038193 732038793
732044563 732045163
732050933 732051533
732057303 732057903
732063673 732064273
732070043 732070643
732076413 732077013
732082783 732083383
732089153 732089753
732095523 732096123
732101893 732102493
732108263 732108863
732114633 732115233
732121003 732121603
732127373 732127973
732133743 732134343
732140113 732140713
732146483 732147083
732152853 732153453
732159223 732159823
732165593 732166193
732171963 732172563
732178333 732178933
732184703 732185303
732191073 732191673
732197443 732198043
732203813 732204413
732210183 732210783
732216553 732217153
732222923 732223523
732229293 732229893
732235663 732236263
732242033 732242633
732248403 732249003
732254773 732255373
732261143 732261743
732267513 732268113
732273883 732274483
732280253 732280853
732286623 732287223
732292993 732293593
732299363 732299963
732305733 732306333
732312103 732312703
732318473 732319073
732324843 732325443
732331213 732331813
732337583 732338183
732343953 732344553
732350323 732350923
732356693 732357293
732363063 732363663
732369433 732370033
732375803 732376403
732382173 732382773
732388543 732389143
732394913 732395513
732401283 732401883
732407653 732408253
732414023 732414623
732420393 732420993
732426763 732427363
732433133 732433733
732439503 732440103
732445873 732446473
732452243 732452843
732458613 732459213
732464983 732465583
732471353 732471953
732477723 732478323
732484093 732484693
732490463 732491063
732496833 732497433
732503203 732503803
732509573 732510173
732515943 732516543
732522313 732522913
732528683 732529283
732535053 732535653
732541423 732542023
732547793 732548393
732554163 732554763
732560533 732561133
732566903 732567503
732573273 732573873
732579643 732580243
732586013 732586613
732592383 732592983
732598753 732599353
732605123 732605723
732611493 732612093
732617863 732618463
732624233 732624833
732630603 732631203
732636973 732637573
732643343 732643943
732649713 732650313
732656083 732656683
732662453 732663053
732668823 732669423
732675193 732675793
732681563 732682163
732687933 732688533
732694303 732694903
732700673 732701273
732707043 732707643
732713413 732714013
732719783 732720383
732726153 732726753
732732523 732733123
732738893 732739493
732745263 732745863
732751633 732752233
732758003 732758603
732764373 732764973
732770743 732771343
732777113 732777713
732783483 732784083
732789853 732790453
732796223 732796823
732802593 732803193
732808963 732809563
732815333 732815933
732821703 732822303
732828073 732828673
732834443 732835043
732840813 732841413
732847183 732847783
732853553 732854153
732859923 732860523
732866293 732866893
732872663 732873263
732879033 732879633
732885403 732886003
732891773 732892373
732898143 732898743
732904513 732905113
732910883 732911483
732917253 732917853
732923623 732924223
732929993 732930593
732936363 732936963
732942733 732943333
732949103 732949703
732955473 732956073
732961843 732962443
732968213 732968813
732974583 732975183
732980953 732981553
732987323 732987923
732993693 732994293
733000063 733000663
733006433 733007033
733012803 733013403
733019173 733019773
733025543 733026143
733031913 733032513
733038283 733038883
733044653 733045253
733051023 733051623
733057393 733057993
733063763 733064363
733070133 733070733
733076503 733077103
733082873 733083473
733089243 733089843
733095613 733096213
733101983 733102583
733108353 733108953
733114723 733115323
733121093 733121693
733127463 733128063
733133833 733134433
733140203 733140803
733146573 733147173
733152943 733153543
733159313 733159913
733165683 733166283
733172053 733172653
733178423 733179023
733184793 733185393
733191163 733191763
733197533 733198133
733203903 733204503
733210273 733210873
733216643 733217243
733223013 733223613
733229383 733229983
733235753 733236353
733242123 733242723
733248493 733249093
733254863 733255463
733261233 733261833
733267603 733268203
733273973 733274573
733280343 733280943
733286713 733287313
733293083 733293683
733299453 733300053
733305823 733306423
733312193 733312793
733318563 733319163
733324933 733325533
733331303 733331903
733337673 733338273
733344043 733344643
733350413 733351013
733356783 733357383
733363153 733363753
733369523 733370123
733375893 733376493
733382263 733382863
733388633 733389233
733395003 733395603
733401373 733401973
733407743 733408343
733414113 733414713
733420483 733421083
733426853 733427453
733433223 733433823
733439593 733440193
733445963 733446563
733452333 733452933
733458703 733459303
733465073 733465673
733471443 733472043
733477813 733478413
733484183 733484783
733490553 733491153
733496923 733497523
733503293 733503893
733509663 733510263
733516033 733516633
733522403 733523003
733528773 733529373
733535143 733535743
733541513 733542113
733547883 733548483
733554253 733554853
733560623 733561223
733566993 733567593
733573363 733573963
733579733 733580333
733586103 733586703
733592473 733593073
733598843 733599443
733605213 733605813
733611583 733612183
733617953 733618553
733624323 733624923
733630693 733631293
733637063 733637663
733643433 733644033
733649803 733650403
733656173 733656773
733662543 733663143
733668913 733669513
733675283 733675883
733681653 733682253
733688023 733688623
733694393 733694993
733700763 733701363
733707133 733707733
733713503 733714103
733719873 733720473
733726243 733726843
733732613 733733213
733738983 733739583
733745353 733745953
733751723 733752323
733758093 733758693
733764463 733765063
733770833 733771433
733777203 733777803
733783573 733784173
733789943 733790543
733796313 733796913
733802683 733803283
733809053 733809653
733815423 733816023
733821793 733822393
733828163 733828763
733834533 733835133
733840903 733841503
733847273 733847873
733853643 733854243
733860013 733860613
733866383 733866983
733872753 733873353
733879123 733879723
733885493 733886093
733891863 733892463
733898233 733898833
733904603 733905203
733910973 733911573
733917343 733917943
733923713 733924313
733930083 733930683
733936453 733937053
733942823 733943423
733949193 733949793
733955563 733956163
733961933 733962533
733968303 733968903
733974673 733975273
733981043 733981643
733987413 733988013
733993783 733994383
734000153 734000753
734006523 734007123
734012893 734013493
734019263 734019863
734025633 734026233
734032003 734032603
734038373 734038973
734044743 734045343
734051113 734051713
734057483 734058083
734063853 734064453
734070223 734070823
734076593 734077193
734082963 734083563
734089333 734089933
734095703 734096303
734102073 734102673
734108443 734109043
734114813 734115413
734121183 734121783
734127553 734128153
734133923 734134523
734140293 734140893
734146663 734147263
734153033 734153633
734159403 734160003
734165773 734166373
734172143 734172743
734178513 734179113
734184883 734185483
734191253 734191853
734197623 734198223
734203993 734204593
734210363 734210963
734216733 734217333
734223103 734223703
734229473 734230073
734235843 734236443
734242213 734242813
734248583 734249183
734254953 734255553
734261323 734261923
734267693 734268293
734274063 734274663
734280433 734281033
734286803 734287403
734293173 734293773
734299543 734300143
734305913 734306513
734312283 734312883
734318653 734319253
734325023 734325623
734331393 734331993
734337763 734338363
734344133 734344733
734350503 734351103
734356873 734357473
734363243 734363843
